start time 1591350895.3724911
recvacts 0 1591350895.3727593 4.76837158203125e-07
fwd 0 1591350895.3727815 0.5449450016021729
bwd 0 1591350895.9179146 0.08125877380371094
recvacts 0 1591350895.999574 1.1920928955078125e-06
fwd 0 1591350895.9995868 0.05461454391479492
bwd 0 1591350896.054327 0.08025217056274414
recvacts 0 1591350896.1350477 9.5367431640625e-07
fwd 0 1591350896.135061 0.05458331108093262
bwd 0 1591350896.1897619 0.08086013793945312
recvacts 0 1591350896.271111 7.152557373046875e-07
fwd 0 1591350896.271124 0.054119110107421875
bwd 0 1591350896.3253386 0.07958602905273438
recvacts 0 1591350896.4053972 1.1920928955078125e-06
fwd 0 1591350896.4054089 0.054006099700927734
bwd 0 1591350896.4595108 0.07981753349304199
recvacts 0 1591350896.5398924 4.76837158203125e-07
fwd 0 1591350896.5399032 0.05408048629760742
bwd 0 1591350896.5940785 0.07937479019165039
recvacts 0 1591350896.67405 7.152557373046875e-07
fwd 0 1591350896.674061 0.05418586730957031
bwd 0 1591350896.7283392 0.07923460006713867
recvacts 0 1591350896.8080983 7.152557373046875e-07
fwd 0 1591350896.808109 0.05406069755554199
bwd 0 1591350896.8622584 0.07934427261352539
recvacts 0 1591350896.9421573 9.5367431640625e-07
fwd 0 1591350896.9421694 0.054253578186035156
bwd 0 1591350896.9965203 0.0793919563293457
recvacts 0 1591350897.0763817 9.5367431640625e-07
fwd 0 1591350897.0763938 0.05408763885498047
bwd 0 1591350897.1305816 0.07934212684631348
recvacts 0 1591350897.210437 1.1920928955078125e-06
fwd 0 1591350897.2104475 0.05407524108886719
bwd 0 1591350897.2646177 0.07922720909118652
recvacts 0 1591350897.3443394 9.5367431640625e-07
fwd 0 1591350897.344349 0.05392622947692871
bwd 0 1591350897.3983648 0.07931876182556152
recvacts 0 1591350897.4781907 7.152557373046875e-07
fwd 0 1591350897.4782 0.05408883094787598
bwd 0 1591350897.5323765 0.07924556732177734
recvacts 0 1591350897.612142 7.152557373046875e-07
fwd 0 1591350897.6121516 0.0539698600769043
bwd 0 1591350897.666208 0.07919573783874512
recvacts 0 1591350897.7459679 7.152557373046875e-07
fwd 0 1591350897.745978 0.054033756256103516
bwd 0 1591350897.800101 0.07919192314147949
recvacts 0 1591350897.8798153 4.76837158203125e-07
fwd 0 1591350897.879825 0.05384349822998047
bwd 0 1591350897.93378 0.07912755012512207
recvacts 0 1591350898.0133946 7.152557373046875e-07
fwd 0 1591350898.0134037 0.05397224426269531
bwd 0 1591350898.0674653 0.07926464080810547
recvacts 0 1591350898.1472158 7.152557373046875e-07
fwd 0 1591350898.1472256 0.05395936965942383
bwd 0 1591350898.2012742 0.07928466796875
recvacts 0 1591350898.2810433 7.152557373046875e-07
fwd 0 1591350898.2810545 0.05407071113586426
bwd 0 1591350898.3352137 0.07910323143005371
recvacts 0 1591350898.4148426 7.152557373046875e-07
fwd 0 1591350898.414853 0.053888559341430664
bwd 0 1591350898.4688382 0.0811617374420166
recvacts 0 1591350898.5505483 1.6689300537109375e-06
fwd 0 1591350898.550563 0.0543665885925293
bwd 0 1591350898.605025 0.07954216003417969
recvacts 0 1591350898.6850502 9.5367431640625e-07
fwd 0 1591350898.6850626 0.05422568321228027
bwd 0 1591350898.7393835 0.07932472229003906
recvacts 0 1591350898.8191888 7.152557373046875e-07
fwd 0 1591350898.819199 0.05396223068237305
bwd 0 1591350898.8732774 0.07967352867126465
recvacts 0 1591350898.9534507 9.5367431640625e-07
fwd 0 1591350898.9534621 0.05421566963195801
bwd 0 1591350899.007791 0.07977747917175293
recvacts 0 1591350899.0881286 9.5367431640625e-07
fwd 0 1591350899.0881424 0.05426383018493652
bwd 0 1591350899.1425414 0.0802605152130127
recvacts 0 1591350899.2232618 1.1920928955078125e-06
fwd 0 1591350899.2232733 0.054419755935668945
bwd 0 1591350899.2777882 0.07985472679138184
recvacts 0 1591350899.3580842 1.6689300537109375e-06
fwd 0 1591350899.3581011 0.054418325424194336
bwd 0 1591350899.4126182 0.08004188537597656
recvacts 0 1591350899.4931707 9.5367431640625e-07
fwd 0 1591350899.4931839 0.05438685417175293
bwd 0 1591350899.5477033 0.07954216003417969
recvacts 0 1591350899.6276994 4.76837158203125e-07
fwd 0 1591350899.627711 0.054001569747924805
bwd 0 1591350899.6818027 0.07941770553588867
recvacts 0 1591350899.7617328 7.152557373046875e-07
fwd 0 1591350899.7617455 0.0539093017578125
bwd 0 1591350899.8157456 0.07938313484191895
recvacts 0 1591350899.8956246 7.152557373046875e-07
fwd 0 1591350899.895648 0.05406022071838379
bwd 0 1591350899.9497967 0.07916021347045898
recvacts 0 1591350900.029513 9.5367431640625e-07
fwd 0 1591350900.029523 0.05392193794250488
bwd 0 1591350900.0835335 0.07908153533935547
SYNC! all_reduce 163109376 1591350900.1640317 0.6289677619934082
overflow sync 1591350900.7931857 2.384185791015625e-07
SYNC! all-reduce time 1.2947616577148438

BATCH END 1591350895.3727007 6.085240840911865

start time 1591350901.476489
recvacts 0 1591350901.4766045 4.76837158203125e-07
fwd 0 1591350901.476615 0.05428576469421387
bwd 0 1591350901.5309997 0.07932615280151367
recvacts 0 1591350901.610798 7.152557373046875e-07
fwd 0 1591350901.6108098 0.054061174392700195
bwd 0 1591350901.6649592 0.07925748825073242
recvacts 0 1591350901.7447596 9.5367431640625e-07
fwd 0 1591350901.7447703 0.053846120834350586
bwd 0 1591350901.7987008 0.07913708686828613
recvacts 0 1591350901.87835 7.152557373046875e-07
fwd 0 1591350901.878359 0.053893089294433594
bwd 0 1591350901.9323356 0.07911372184753418
recvacts 0 1591350902.012023 9.5367431640625e-07
fwd 0 1591350902.0120327 0.0539851188659668
bwd 0 1591350902.0661066 0.07914447784423828
recvacts 0 1591350902.145847 7.152557373046875e-07
fwd 0 1591350902.1458569 0.05391216278076172
bwd 0 1591350902.1998534 0.07912778854370117
recvacts 0 1591350902.2794778 4.76837158203125e-07
fwd 0 1591350902.279487 0.05393648147583008
bwd 0 1591350902.333509 0.07911467552185059
recvacts 0 1591350902.413154 4.76837158203125e-07
fwd 0 1591350902.413163 0.053848981857299805
bwd 0 1591350902.467097 0.07924103736877441
recvacts 0 1591350902.5468543 7.152557373046875e-07
fwd 0 1591350902.5468636 0.053926944732666016
bwd 0 1591350902.600876 0.07918691635131836
recvacts 0 1591350902.6805246 4.76837158203125e-07
fwd 0 1591350902.6805344 0.05405426025390625
bwd 0 1591350902.7346852 0.07944798469543457
recvacts 0 1591350902.814742 9.5367431640625e-07
fwd 0 1591350902.8147542 0.054181575775146484
bwd 0 1591350902.86903 0.07930946350097656
recvacts 0 1591350902.948899 4.76837158203125e-07
fwd 0 1591350902.948911 0.05413508415222168
bwd 0 1591350903.003151 0.07970619201660156
recvacts 0 1591350903.0833771 7.152557373046875e-07
fwd 0 1591350903.083389 0.054483890533447266
bwd 0 1591350903.1379714 0.07962942123413086
recvacts 0 1591350903.2181473 4.76837158203125e-07
fwd 0 1591350903.2181602 0.05418825149536133
bwd 0 1591350903.2724364 0.07948946952819824
recvacts 0 1591350903.3524714 7.152557373046875e-07
fwd 0 1591350903.3524811 0.053945064544677734
bwd 0 1591350903.40655 0.07948637008666992
recvacts 0 1591350903.4864962 9.5367431640625e-07
fwd 0 1591350903.486544 0.054180145263671875
bwd 0 1591350903.54082 0.07936835289001465
recvacts 0 1591350903.6207318 9.5367431640625e-07
fwd 0 1591350903.6207418 0.05402994155883789
bwd 0 1591350903.6748633 0.08032703399658203
recvacts 0 1591350903.755709 9.5367431640625e-07
fwd 0 1591350903.75572 0.054110050201416016
bwd 0 1591350903.8099241 0.07941961288452148
recvacts 0 1591350903.8898797 7.152557373046875e-07
fwd 0 1591350903.889891 0.054023027420043945
bwd 0 1591350903.9440022 0.07939028739929199
recvacts 0 1591350904.0238945 9.5367431640625e-07
fwd 0 1591350904.0239053 0.05392742156982422
bwd 0 1591350904.0779173 0.0792093276977539
recvacts 0 1591350904.1576715 7.152557373046875e-07
fwd 0 1591350904.157681 0.05393648147583008
bwd 0 1591350904.2117093 0.07920241355895996
recvacts 0 1591350904.2914157 7.152557373046875e-07
fwd 0 1591350904.291425 0.05396437644958496
bwd 0 1591350904.3454778 0.07941436767578125
recvacts 0 1591350904.4254076 7.152557373046875e-07
fwd 0 1591350904.425418 0.05396842956542969
bwd 0 1591350904.4795063 0.07936716079711914
recvacts 0 1591350904.5593464 7.152557373046875e-07
fwd 0 1591350904.559356 0.054051876068115234
bwd 0 1591350904.6135144 0.07962536811828613
recvacts 0 1591350904.6935763 9.5367431640625e-07
fwd 0 1591350904.6935866 0.05388331413269043
bwd 0 1591350904.7475662 0.0797739028930664
recvacts 0 1591350904.8277445 7.152557373046875e-07
fwd 0 1591350904.8277547 0.05404329299926758
bwd 0 1591350904.8818927 0.07958865165710449
recvacts 0 1591350904.9619975 7.152557373046875e-07
fwd 0 1591350904.9620082 0.05412888526916504
bwd 0 1591350905.01626 0.08014988899230957
recvacts 0 1591350905.096973 9.5367431640625e-07
fwd 0 1591350905.0969856 0.05415010452270508
bwd 0 1591350905.1512873 0.07952380180358887
recvacts 0 1591350905.2313242 7.152557373046875e-07
fwd 0 1591350905.2313342 0.054114580154418945
bwd 0 1591350905.2855685 0.07945704460144043
recvacts 0 1591350905.3655531 7.152557373046875e-07
fwd 0 1591350905.3655648 0.05397844314575195
bwd 0 1591350905.4196365 0.07920527458190918
recvacts 0 1591350905.4993472 4.76837158203125e-07
fwd 0 1591350905.4993567 0.05387401580810547
bwd 0 1591350905.5533168 0.0807485580444336
recvacts 0 1591350905.6346369 7.152557373046875e-07
fwd 0 1591350905.634647 0.054039716720581055
bwd 0 1591350905.6887724 0.08009076118469238
SYNC! all_reduce 163109376 1591350905.7700155 0.00012922286987304688
overflow sync 1591350905.7702265 2.384185791015625e-07
SYNC! all-reduce time 0.5678789615631104

BATCH END 1591350901.4765654 4.860632419586182

start time 1591350906.3531322
recvacts 0 1591350906.3532143 2.384185791015625e-07
fwd 0 1591350906.3532233 0.054123878479003906
bwd 0 1591350906.407476 0.07967829704284668
recvacts 0 1591350906.4876301 4.76837158203125e-07
fwd 0 1591350906.4876409 0.054094791412353516
bwd 0 1591350906.541824 0.0796968936920166
recvacts 0 1591350906.6219673 4.76837158203125e-07
fwd 0 1591350906.621977 0.05389976501464844
bwd 0 1591350906.6759603 0.07940101623535156
recvacts 0 1591350906.7558022 7.152557373046875e-07
fwd 0 1591350906.7558112 0.0538783073425293
bwd 0 1591350906.8097773 0.07956242561340332
recvacts 0 1591350906.8899457 9.5367431640625e-07
fwd 0 1591350906.889957 0.054239749908447266
bwd 0 1591350906.944315 0.08035469055175781
recvacts 0 1591350907.0251572 7.152557373046875e-07
fwd 0 1591350907.0251684 0.05424356460571289
bwd 0 1591350907.0795045 0.07979536056518555
recvacts 0 1591350907.159845 7.152557373046875e-07
fwd 0 1591350907.159855 0.05401325225830078
bwd 0 1591350907.2139556 0.07919907569885254
recvacts 0 1591350907.2936907 4.76837158203125e-07
fwd 0 1591350907.2937007 0.054114580154418945
bwd 0 1591350907.347905 0.07944226264953613
recvacts 0 1591350907.4279199 7.152557373046875e-07
fwd 0 1591350907.427931 0.053978681564331055
bwd 0 1591350907.4820025 0.07954764366149902
recvacts 0 1591350907.5621102 4.76837158203125e-07
fwd 0 1591350907.562121 0.05407977104187012
bwd 0 1591350907.6163034 0.07950043678283691
recvacts 0 1591350907.6963482 7.152557373046875e-07
fwd 0 1591350907.6963587 0.05394792556762695
bwd 0 1591350907.750428 0.0791935920715332
recvacts 0 1591350907.8301148 7.152557373046875e-07
fwd 0 1591350907.8301237 0.05427694320678711
bwd 0 1591350907.8845558 0.07970380783081055
recvacts 0 1591350907.9648137 9.5367431640625e-07
fwd 0 1591350907.9648254 0.0539247989654541
bwd 0 1591350908.0189874 0.07963371276855469
recvacts 0 1591350908.099145 4.76837158203125e-07
fwd 0 1591350908.099156 0.05405306816101074
bwd 0 1591350908.153302 0.07942056655883789
recvacts 0 1591350908.233239 9.5367431640625e-07
fwd 0 1591350908.2332482 0.05396604537963867
bwd 0 1591350908.2873027 0.07944798469543457
recvacts 0 1591350908.3672588 9.5367431640625e-07
fwd 0 1591350908.3672683 0.053916215896606445
bwd 0 1591350908.4212813 0.07959628105163574
recvacts 0 1591350908.501405 9.5367431640625e-07
fwd 0 1591350908.5014281 0.05652737617492676
bwd 0 1591350908.558062 0.07948470115661621
recvacts 0 1591350908.638015 7.152557373046875e-07
fwd 0 1591350908.638025 0.05406594276428223
bwd 0 1591350908.6921837 0.07954597473144531
recvacts 0 1591350908.7723112 1.1920928955078125e-06
fwd 0 1591350908.772322 0.05410313606262207
bwd 0 1591350908.8265648 0.07979273796081543
recvacts 0 1591350908.9069207 1.9073486328125e-06
fwd 0 1591350908.906937 0.054384469985961914
bwd 0 1591350908.961447 0.08012652397155762
recvacts 0 1591350909.0418332 7.152557373046875e-07
fwd 0 1591350909.0418437 0.054021358489990234
bwd 0 1591350909.0959506 0.07928013801574707
recvacts 0 1591350909.1755853 7.152557373046875e-07
fwd 0 1591350909.1755958 0.05407142639160156
bwd 0 1591350909.2297661 0.07908987998962402
recvacts 0 1591350909.309124 9.5367431640625e-07
fwd 0 1591350909.309135 0.05387997627258301
bwd 0 1591350909.363101 0.07889699935913086
recvacts 0 1591350909.442232 7.152557373046875e-07
fwd 0 1591350909.4422405 0.05377459526062012
bwd 0 1591350909.4961002 0.07902717590332031
recvacts 0 1591350909.5753822 4.76837158203125e-07
fwd 0 1591350909.5753915 0.05382061004638672
bwd 0 1591350909.6292973 0.07895898818969727
recvacts 0 1591350909.7085478 7.152557373046875e-07
fwd 0 1591350909.7085576 0.0539708137512207
bwd 0 1591350909.762619 0.0791473388671875
recvacts 0 1591350909.8420155 7.152557373046875e-07
fwd 0 1591350909.842025 0.05827808380126953
bwd 0 1591350909.9004319 0.07898211479187012
recvacts 0 1591350909.9796567 4.76837158203125e-07
fwd 0 1591350909.9796662 0.054035186767578125
bwd 0 1591350910.0337858 0.07899212837219238
recvacts 0 1591350910.1130116 7.152557373046875e-07
fwd 0 1591350910.1130207 0.05387258529663086
bwd 0 1591350910.166977 0.07885122299194336
recvacts 0 1591350910.2460582 4.76837158203125e-07
fwd 0 1591350910.2460685 0.05385637283325195
bwd 0 1591350910.3000088 0.0792539119720459
recvacts 0 1591350910.3796325 7.152557373046875e-07
fwd 0 1591350910.3796434 0.0541994571685791
bwd 0 1591350910.4339406 0.0792691707611084
recvacts 0 1591350910.513559 4.76837158203125e-07
fwd 0 1591350910.5135698 0.05406451225280762
bwd 0 1591350910.567735 0.07982182502746582
SYNC! all_reduce 163109376 1591350910.6489992 0.00023365020751953125
overflow sync 1591350910.6493318 0.0
SYNC! all-reduce time 0.5637881755828857

BATCH END 1591350906.3531952 4.85857892036438

start time 1591461689.778356
recvacts 0 1591461689.778574 7.152557373046875e-07
fwd 0 1591461689.7785864 0.392392635345459
bwd 0 1591461690.1711404 0.08063864707946777
recvacts 0 1591461690.2520125 1.1920928955078125e-06
fwd 0 1591461690.2520247 0.05489230155944824
bwd 0 1591461690.3070188 0.07964420318603516
recvacts 0 1591461690.3869514 4.76837158203125e-07
fwd 0 1591461690.3869789 0.054056406021118164
bwd 0 1591461690.44113 0.08014678955078125
recvacts 0 1591461690.521924 1.430511474609375e-06
fwd 0 1591461690.5219412 0.0545659065246582
bwd 0 1591461690.576623 0.08026480674743652
recvacts 0 1591461690.6572638 1.1920928955078125e-06
fwd 0 1591461690.657279 0.05527186393737793
bwd 0 1591461690.7126725 0.08018612861633301
recvacts 0 1591461690.793258 9.5367431640625e-07
fwd 0 1591461690.7932737 0.05454564094543457
bwd 0 1591461690.8479362 0.07989811897277832
recvacts 0 1591461690.9281983 1.1920928955078125e-06
fwd 0 1591461690.928213 0.05424833297729492
bwd 0 1591461690.9825547 0.07905340194702148
recvacts 0 1591461691.0618436 9.5367431640625e-07
fwd 0 1591461691.061854 0.05402803421020508
bwd 0 1591461691.1159832 0.07899999618530273
recvacts 0 1591461691.1952155 4.76837158203125e-07
fwd 0 1591461691.1952248 0.05374431610107422
bwd 0 1591461691.2490535 0.07907342910766602
recvacts 0 1591461691.328465 7.152557373046875e-07
fwd 0 1591461691.3284755 0.05388617515563965
bwd 0 1591461691.3824537 0.07898354530334473
recvacts 0 1591461691.4617114 7.152557373046875e-07
fwd 0 1591461691.4617214 0.05388975143432617
bwd 0 1591461691.5156977 0.07887744903564453
recvacts 0 1591461691.594837 7.152557373046875e-07
fwd 0 1591461691.5948465 0.05389547348022461
bwd 0 1591461691.6488302 0.07890200614929199
recvacts 0 1591461691.727964 4.76837158203125e-07
fwd 0 1591461691.7279737 0.053783416748046875
bwd 0 1591461691.7818432 0.07892441749572754
recvacts 0 1591461691.8610203 7.152557373046875e-07
fwd 0 1591461691.8610299 0.053849220275878906
bwd 0 1591461691.914982 0.07883119583129883
recvacts 0 1591461691.994043 4.76837158203125e-07
fwd 0 1591461691.9940522 0.053894996643066406
bwd 0 1591461692.0480328 0.07892727851867676
recvacts 0 1591461692.1272404 4.76837158203125e-07
fwd 0 1591461692.1272514 0.053972482681274414
bwd 0 1591461692.181317 0.07902860641479492
recvacts 0 1591461692.2605855 9.5367431640625e-07
fwd 0 1591461692.2605958 0.05381274223327637
bwd 0 1591461692.3144953 0.0788578987121582
recvacts 0 1591461692.3935854 4.76837158203125e-07
fwd 0 1591461692.393595 0.05388522148132324
bwd 0 1591461692.4475696 0.07910370826721191
recvacts 0 1591461692.5270054 7.152557373046875e-07
fwd 0 1591461692.5270169 0.05399036407470703
bwd 0 1591461692.5810928 0.07885360717773438
recvacts 0 1591461692.6601794 4.76837158203125e-07
fwd 0 1591461692.6601892 0.05386471748352051
bwd 0 1591461692.7141397 0.07881927490234375
recvacts 0 1591461692.7931926 4.76837158203125e-07
fwd 0 1591461692.793202 0.053772687911987305
bwd 0 1591461692.8470602 0.07882213592529297
recvacts 0 1591461692.926127 4.76837158203125e-07
fwd 0 1591461692.9261363 0.053769588470458984
bwd 0 1591461692.979993 0.0789036750793457
recvacts 0 1591461693.0591283 4.76837158203125e-07
fwd 0 1591461693.0591376 0.053719520568847656
bwd 0 1591461693.1129603 0.07885909080505371
recvacts 0 1591461693.1920688 7.152557373046875e-07
fwd 0 1591461693.1920784 0.053761959075927734
bwd 0 1591461693.2459385 0.07879161834716797
recvacts 0 1591461693.3249714 4.76837158203125e-07
fwd 0 1591461693.3249807 0.05388975143432617
bwd 0 1591461693.3789923 0.07885122299194336
recvacts 0 1591461693.4581292 7.152557373046875e-07
fwd 0 1591461693.458139 0.05399131774902344
bwd 0 1591461693.5122144 0.0790717601776123
recvacts 0 1591461693.5915177 4.76837158203125e-07
fwd 0 1591461693.591527 0.054282426834106445
bwd 0 1591461693.6459162 0.0791938304901123
recvacts 0 1591461693.7253923 7.152557373046875e-07
fwd 0 1591461693.725405 0.05409121513366699
bwd 0 1591461693.7795823 0.07895612716674805
recvacts 0 1591461693.8587673 9.5367431640625e-07
fwd 0 1591461693.8587766 0.05387568473815918
bwd 0 1591461693.9127398 0.07895994186401367
recvacts 0 1591461693.991958 9.5367431640625e-07
fwd 0 1591461693.9919713 0.05390596389770508
bwd 0 1591461694.045969 0.07906436920166016
recvacts 0 1591461694.125279 4.76837158203125e-07
fwd 0 1591461694.1252897 0.05389213562011719
bwd 0 1591461694.179271 0.07894349098205566
recvacts 0 1591461694.2584457 7.152557373046875e-07
fwd 0 1591461694.258455 0.053795814514160156
bwd 0 1591461694.3123395 0.0789344310760498
SYNC! all_reduce 163109376 1591461694.3923063 0.8149838447570801
overflow sync 1591461695.207485 2.384185791015625e-07
SYNC! all-reduce time 1.5609567165374756

BATCH END 1591461689.7785475 6.173924207687378

start time 1591461695.970921
recvacts 0 1591461695.9710588 7.152557373046875e-07
fwd 0 1591461695.9710705 0.05439877510070801
bwd 0 1591461696.025568 0.07937169075012207
recvacts 0 1591461696.1052716 9.5367431640625e-07
fwd 0 1591461696.1052868 0.054857492446899414
bwd 0 1591461696.1602554 0.0792381763458252
recvacts 0 1591461696.239749 4.76837158203125e-07
fwd 0 1591461696.2397604 0.05407452583312988
bwd 0 1591461696.2939222 0.07900714874267578
recvacts 0 1591461696.3731995 7.152557373046875e-07
fwd 0 1591461696.3732102 0.05398392677307129
bwd 0 1591461696.427284 0.07905220985412598
recvacts 0 1591461696.506593 7.152557373046875e-07
fwd 0 1591461696.5066028 0.053943634033203125
bwd 0 1591461696.5606346 0.07893681526184082
recvacts 0 1591461696.6398237 4.76837158203125e-07
fwd 0 1591461696.6398344 0.05379605293273926
bwd 0 1591461696.6937244 0.07910418510437012
recvacts 0 1591461696.773071 7.152557373046875e-07
fwd 0 1591461696.773081 0.053915977478027344
bwd 0 1591461696.8270824 0.07889389991760254
recvacts 0 1591461696.906214 4.76837158203125e-07
fwd 0 1591461696.906223 0.05388832092285156
bwd 0 1591461696.9601998 0.07901167869567871
recvacts 0 1591461697.0394685 7.152557373046875e-07
fwd 0 1591461697.039479 0.05392122268676758
bwd 0 1591461697.0934854 0.07908439636230469
recvacts 0 1591461697.172822 7.152557373046875e-07
fwd 0 1591461697.1728315 0.054079532623291016
bwd 0 1591461697.2269962 0.07903242111206055
recvacts 0 1591461697.3062663 4.76837158203125e-07
fwd 0 1591461697.3062758 0.053942203521728516
bwd 0 1591461697.360314 0.07886385917663574
recvacts 0 1591461697.4394534 4.76837158203125e-07
fwd 0 1591461697.4394627 0.053850412368774414
bwd 0 1591461697.4933984 0.07891082763671875
recvacts 0 1591461697.5725474 4.76837158203125e-07
fwd 0 1591461697.572557 0.054121971130371094
bwd 0 1591461697.626783 0.07897067070007324
recvacts 0 1591461697.7060468 7.152557373046875e-07
fwd 0 1591461697.706056 0.05396008491516113
bwd 0 1591461697.7601113 0.07889914512634277
recvacts 0 1591461697.8392482 7.152557373046875e-07
fwd 0 1591461697.8392577 0.05384230613708496
bwd 0 1591461697.8931859 0.0788729190826416
recvacts 0 1591461697.9723556 4.76837158203125e-07
fwd 0 1591461697.9723656 0.05387282371520996
bwd 0 1591461698.0263245 0.07886457443237305
recvacts 0 1591461698.1055288 4.76837158203125e-07
fwd 0 1591461698.10554 0.05396556854248047
bwd 0 1591461698.1595917 0.07973909378051758
recvacts 0 1591461698.2395942 7.152557373046875e-07
fwd 0 1591461698.2396042 0.054230690002441406
bwd 0 1591461698.293927 0.07937479019165039
recvacts 0 1591461698.3735414 7.152557373046875e-07
fwd 0 1591461698.3735504 0.054125308990478516
bwd 0 1591461698.427771 0.07907629013061523
recvacts 0 1591461698.5071065 7.152557373046875e-07
fwd 0 1591461698.507117 0.053940534591674805
bwd 0 1591461698.561148 0.07893967628479004
recvacts 0 1591461698.6403425 7.152557373046875e-07
fwd 0 1591461698.6403525 0.05388188362121582
bwd 0 1591461698.6943223 0.07896065711975098
recvacts 0 1591461698.7735195 7.152557373046875e-07
fwd 0 1591461698.7735286 0.05377650260925293
bwd 0 1591461698.827394 0.07902979850769043
recvacts 0 1591461698.9066834 7.152557373046875e-07
fwd 0 1591461698.9067097 0.05392026901245117
bwd 0 1591461698.9607832 0.07948136329650879
recvacts 0 1591461699.0405037 4.76837158203125e-07
fwd 0 1591461699.0405138 0.05393385887145996
bwd 0 1591461699.094538 0.07913088798522949
recvacts 0 1591461699.1739457 7.152557373046875e-07
fwd 0 1591461699.1739562 0.05405163764953613
bwd 0 1591461699.2280972 0.07892155647277832
recvacts 0 1591461699.307257 4.76837158203125e-07
fwd 0 1591461699.307266 0.05385231971740723
bwd 0 1591461699.3612046 0.07892441749572754
recvacts 0 1591461699.4403758 4.76837158203125e-07
fwd 0 1591461699.4403853 0.05390143394470215
bwd 0 1591461699.494373 0.07894086837768555
recvacts 0 1591461699.5735466 7.152557373046875e-07
fwd 0 1591461699.5735557 0.05376458168029785
bwd 0 1591461699.6274102 0.07909989356994629
recvacts 0 1591461699.7068112 7.152557373046875e-07
fwd 0 1591461699.7068214 0.053977251052856445
bwd 0 1591461699.7608984 0.07949519157409668
recvacts 0 1591461699.8407784 9.5367431640625e-07
fwd 0 1591461699.8407927 0.05423998832702637
bwd 0 1591461699.8951335 0.07934999465942383
recvacts 0 1591461699.9747906 4.76837158203125e-07
fwd 0 1591461699.9748013 0.054325103759765625
bwd 0 1591461700.0292137 0.07911062240600586
recvacts 0 1591461700.1088817 9.5367431640625e-07
fwd 0 1591461700.1088943 0.054017066955566406
bwd 0 1591461700.1630101 0.07913589477539062
SYNC! all_reduce 163109376 1591461700.2432818 9.918212890625e-05
overflow sync 1591461700.2435067 0.0
SYNC! all-reduce time 0.6240556240081787

BATCH END 1591461695.9709895 4.8954925537109375

start time 1591461700.8822827
recvacts 0 1591461700.8823695 7.152557373046875e-07
fwd 0 1591461700.882379 0.05420231819152832
bwd 0 1591461700.9366856 0.07883596420288086
recvacts 0 1591461701.015759 7.152557373046875e-07
fwd 0 1591461701.0157692 0.05388927459716797
bwd 0 1591461701.0697467 0.07895207405090332
recvacts 0 1591461701.1489801 9.5367431640625e-07
fwd 0 1591461701.1489906 0.05392193794250488
bwd 0 1591461701.203 0.07889294624328613
recvacts 0 1591461701.2821238 7.152557373046875e-07
fwd 0 1591461701.2821333 0.0539708137512207
bwd 0 1591461701.3361962 0.07897830009460449
recvacts 0 1591461701.4154189 7.152557373046875e-07
fwd 0 1591461701.4154286 0.05397152900695801
bwd 0 1591461701.4694893 0.07914090156555176
recvacts 0 1591461701.5488799 4.76837158203125e-07
fwd 0 1591461701.5488913 0.053887367248535156
bwd 0 1591461701.602866 0.07913756370544434
recvacts 0 1591461701.6822722 4.76837158203125e-07
fwd 0 1591461701.682283 0.05387163162231445
bwd 0 1591461701.7362554 0.07902646064758301
recvacts 0 1591461701.8155515 7.152557373046875e-07
fwd 0 1591461701.8155615 0.053990840911865234
bwd 0 1591461701.869653 0.07902193069458008
recvacts 0 1591461701.9489124 7.152557373046875e-07
fwd 0 1591461701.9489222 0.05397820472717285
bwd 0 1591461702.0029852 0.07897162437438965
recvacts 0 1591461702.0821996 4.76837158203125e-07
fwd 0 1591461702.0822093 0.053884267807006836
bwd 0 1591461702.136179 0.07939791679382324
recvacts 0 1591461702.215935 9.5367431640625e-07
fwd 0 1591461702.215948 0.05421805381774902
bwd 0 1591461702.270268 0.07916569709777832
recvacts 0 1591461702.3497028 9.5367431640625e-07
fwd 0 1591461702.349716 0.054021358489990234
bwd 0 1591461702.4038343 0.07926297187805176
recvacts 0 1591461702.4833822 9.5367431640625e-07
fwd 0 1591461702.4833949 0.05397796630859375
bwd 0 1591461702.5374646 0.07947897911071777
recvacts 0 1591461702.6172066 7.152557373046875e-07
fwd 0 1591461702.6172175 0.05396461486816406
bwd 0 1591461702.6712687 0.0791769027709961
recvacts 0 1591461702.7507107 4.76837158203125e-07
fwd 0 1591461702.7507212 0.053984880447387695
bwd 0 1591461702.8047934 0.07890915870666504
recvacts 0 1591461702.883937 4.76837158203125e-07
fwd 0 1591461702.883947 0.05389833450317383
bwd 0 1591461702.9379306 0.07912182807922363
recvacts 0 1591461703.0173428 2.1457672119140625e-06
fwd 0 1591461703.017356 0.054225921630859375
bwd 0 1591461703.071677 0.0798954963684082
recvacts 0 1591461703.1518898 9.5367431640625e-07
fwd 0 1591461703.1519 0.05430412292480469
bwd 0 1591461703.2062936 0.07933950424194336
recvacts 0 1591461703.285871 9.5367431640625e-07
fwd 0 1591461703.285881 0.05389142036437988
bwd 0 1591461703.3398585 0.07895493507385254
recvacts 0 1591461703.4190483 7.152557373046875e-07
fwd 0 1591461703.4190578 0.05394458770751953
bwd 0 1591461703.473088 0.07894110679626465
recvacts 0 1591461703.5523136 4.76837158203125e-07
fwd 0 1591461703.5523238 0.05398106575012207
bwd 0 1591461703.6063926 0.0789327621459961
recvacts 0 1591461703.685576 7.152557373046875e-07
fwd 0 1591461703.6855855 0.053785085678100586
bwd 0 1591461703.7394547 0.07897210121154785
recvacts 0 1591461703.8186688 4.76837158203125e-07
fwd 0 1591461703.8186784 0.05387115478515625
bwd 0 1591461703.8726356 0.07894492149353027
recvacts 0 1591461703.9518173 4.76837158203125e-07
fwd 0 1591461703.951827 0.05398702621459961
bwd 0 1591461704.005901 0.07908320426940918
recvacts 0 1591461704.0852625 7.152557373046875e-07
fwd 0 1591461704.0852728 0.05399298667907715
bwd 0 1591461704.1393552 0.07896041870117188
recvacts 0 1591461704.2185516 7.152557373046875e-07
fwd 0 1591461704.2185607 0.05385327339172363
bwd 0 1591461704.2724998 0.07894730567932129
recvacts 0 1591461704.3516903 4.76837158203125e-07
fwd 0 1591461704.3516998 0.0538787841796875
bwd 0 1591461704.4056666 0.0796363353729248
recvacts 0 1591461704.485539 7.152557373046875e-07
fwd 0 1591461704.4855483 0.05432415008544922
bwd 0 1591461704.5399675 0.0794670581817627
recvacts 0 1591461704.619703 7.152557373046875e-07
fwd 0 1591461704.619713 0.0539703369140625
bwd 0 1591461704.673777 0.07900667190551758
recvacts 0 1591461704.7530365 4.76837158203125e-07
fwd 0 1591461704.753049 0.05385899543762207
bwd 0 1591461704.8069956 0.0789031982421875
recvacts 0 1591461704.8861394 4.76837158203125e-07
fwd 0 1591461704.8861487 0.05389833450317383
bwd 0 1591461704.9401333 0.07897734642028809
recvacts 0 1591461705.0193455 7.152557373046875e-07
fwd 0 1591461705.0193543 0.05777597427368164
bwd 0 1591461705.0772169 0.07943105697631836
SYNC! all_reduce 163109376 1591461705.157787 0.00022602081298828125
overflow sync 1591461705.1581047 0.0
SYNC! all-reduce time 0.5918667316436768

BATCH END 1591461700.8823493 4.866523027420044

start time 1591487151.2581751
recvacts 0 1591487151.25834 4.76837158203125e-07
fwd 0 1591487151.2583647 0.3476743698120117
bwd 0 1591487151.606177 0.08462953567504883
recvacts 0 1591487151.691171 7.152557373046875e-07
fwd 0 1591487151.6911838 0.054529666900634766
bwd 0 1591487151.7458231 0.08066463470458984
recvacts 0 1591487151.8268547 7.152557373046875e-07
fwd 0 1591487151.8268669 0.054465532302856445
bwd 0 1591487151.8814626 0.07972383499145508
recvacts 0 1591487151.9615479 9.5367431640625e-07
fwd 0 1591487151.9615607 0.05403780937194824
bwd 0 1591487152.0156896 0.07957053184509277
recvacts 0 1591487152.0955446 7.152557373046875e-07
fwd 0 1591487152.0955553 0.053934335708618164
bwd 0 1591487152.1495755 0.07912111282348633
recvacts 0 1591487152.2289238 4.76837158203125e-07
fwd 0 1591487152.2289336 0.05407571792602539
bwd 0 1591487152.2830913 0.07892060279846191
recvacts 0 1591487152.3622577 2.384185791015625e-07
fwd 0 1591487152.3622665 0.05382561683654785
bwd 0 1591487152.4161747 0.07891845703125
recvacts 0 1591487152.4953165 4.76837158203125e-07
fwd 0 1591487152.4953249 0.05385732650756836
bwd 0 1591487152.5492759 0.07885479927062988
recvacts 0 1591487152.6283696 7.152557373046875e-07
fwd 0 1591487152.6283784 0.05385184288024902
bwd 0 1591487152.682311 0.0788414478302002
recvacts 0 1591487152.761377 4.76837158203125e-07
fwd 0 1591487152.7613854 0.0538027286529541
bwd 0 1591487152.815279 0.07883691787719727
recvacts 0 1591487152.8943949 4.76837158203125e-07
fwd 0 1591487152.894404 0.0538480281829834
bwd 0 1591487152.948333 0.0787959098815918
recvacts 0 1591487153.027366 4.76837158203125e-07
fwd 0 1591487153.0273745 0.05382895469665527
bwd 0 1591487153.081284 0.07884931564331055
recvacts 0 1591487153.1603742 7.152557373046875e-07
fwd 0 1591487153.160383 0.053899288177490234
bwd 0 1591487153.2143614 0.07880377769470215
recvacts 0 1591487153.2933974 4.76837158203125e-07
fwd 0 1591487153.2934065 0.05385589599609375
bwd 0 1591487153.3473434 0.07884526252746582
recvacts 0 1591487153.426457 4.76837158203125e-07
fwd 0 1591487153.4264657 0.05388665199279785
bwd 0 1591487153.4804363 0.07882070541381836
recvacts 0 1591487153.5594847 4.76837158203125e-07
fwd 0 1591487153.5594935 0.05394124984741211
bwd 0 1591487153.6135147 0.07897329330444336
recvacts 0 1591487153.692758 9.5367431640625e-07
fwd 0 1591487153.6927686 0.05394577980041504
bwd 0 1591487153.7467973 0.0788888931274414
recvacts 0 1591487153.82591 4.76837158203125e-07
fwd 0 1591487153.8259187 0.05375099182128906
bwd 0 1591487153.879754 0.07887578010559082
recvacts 0 1591487153.958855 4.76837158203125e-07
fwd 0 1591487153.9588633 0.053869009017944336
bwd 0 1591487154.0128174 0.07903480529785156
recvacts 0 1591487154.0921516 4.76837158203125e-07
fwd 0 1591487154.0921624 0.053952693939208984
bwd 0 1591487154.146213 0.0789189338684082
recvacts 0 1591487154.2253652 7.152557373046875e-07
fwd 0 1591487154.2253745 0.05383467674255371
bwd 0 1591487154.2792895 0.07884383201599121
recvacts 0 1591487154.3584194 7.152557373046875e-07
fwd 0 1591487154.3584285 0.0538787841796875
bwd 0 1591487154.41239 0.07879829406738281
recvacts 0 1591487154.491418 4.76837158203125e-07
fwd 0 1591487154.4914265 0.05379080772399902
bwd 0 1591487154.5453014 0.07896804809570312
recvacts 0 1591487154.6245067 7.152557373046875e-07
fwd 0 1591487154.6245153 0.05404853820800781
bwd 0 1591487154.6786492 0.07915973663330078
recvacts 0 1591487154.7580934 7.152557373046875e-07
fwd 0 1591487154.758104 0.053884029388427734
bwd 0 1591487154.8120928 0.07911014556884766
recvacts 0 1591487154.8914928 4.76837158203125e-07
fwd 0 1591487154.8915045 0.05410146713256836
bwd 0 1591487154.9457 0.07908463478088379
recvacts 0 1591487155.0250344 4.76837158203125e-07
fwd 0 1591487155.0250437 0.05382418632507324
bwd 0 1591487155.0789554 0.07897520065307617
recvacts 0 1591487155.1581845 7.152557373046875e-07
fwd 0 1591487155.1581936 0.05409097671508789
bwd 0 1591487155.212366 0.07882547378540039
recvacts 0 1591487155.2914314 4.76837158203125e-07
fwd 0 1591487155.291441 0.05391359329223633
bwd 0 1591487155.3454394 0.07883596420288086
recvacts 0 1591487155.4245067 4.76837158203125e-07
fwd 0 1591487155.4245174 0.0538790225982666
bwd 0 1591487155.4784784 0.07881546020507812
recvacts 0 1591487155.557525 4.76837158203125e-07
fwd 0 1591487155.5575342 0.053844451904296875
bwd 0 1591487155.6114578 0.07897830009460449
recvacts 0 1591487155.6906738 7.152557373046875e-07
fwd 0 1591487155.6906834 0.053836822509765625
bwd 0 1591487155.7446055 0.07902908325195312
SYNC! all_reduce 163109376 1591487155.82474 1.493372917175293
overflow sync 1591487157.3182714 2.384185791015625e-07
SYNC! all-reduce time 2.26180362701416

BATCH END 1591487151.2583053 6.8274619579315186

start time 1591487158.1017132
recvacts 0 1591487158.1018019 7.152557373046875e-07
fwd 0 1591487158.1018112 0.0541529655456543
bwd 0 1591487158.156065 0.07915520668029785
recvacts 0 1591487158.2354498 4.76837158203125e-07
fwd 0 1591487158.23546 0.05399680137634277
bwd 0 1591487158.28954 0.07896018028259277
recvacts 0 1591487158.3687267 7.152557373046875e-07
fwd 0 1591487158.3687356 0.05391120910644531
bwd 0 1591487158.4227278 0.07879519462585449
recvacts 0 1591487158.50175 4.76837158203125e-07
fwd 0 1591487158.501759 0.05373668670654297
bwd 0 1591487158.555594 0.07885909080505371
recvacts 0 1591487158.6347294 7.152557373046875e-07
fwd 0 1591487158.6347384 0.05390357971191406
bwd 0 1591487158.6887279 0.07885384559631348
recvacts 0 1591487158.7678087 7.152557373046875e-07
fwd 0 1591487158.767818 0.05378556251525879
bwd 0 1591487158.8216853 0.07882332801818848
recvacts 0 1591487158.9007485 4.76837158203125e-07
fwd 0 1591487158.9007576 0.05381655693054199
bwd 0 1591487158.9546556 0.07880640029907227
recvacts 0 1591487159.0336912 4.76837158203125e-07
fwd 0 1591487159.0336998 0.0538942813873291
bwd 0 1591487159.0876853 0.07881498336791992
recvacts 0 1591487159.1667264 7.152557373046875e-07
fwd 0 1591487159.166735 0.05378150939941406
bwd 0 1591487159.220598 0.07923412322998047
recvacts 0 1591487159.300075 7.152557373046875e-07
fwd 0 1591487159.3000839 0.05383491516113281
bwd 0 1591487159.354016 0.078857421875
recvacts 0 1591487159.4331257 4.76837158203125e-07
fwd 0 1591487159.4331343 0.05402684211730957
bwd 0 1591487159.4872503 0.07907629013061523
recvacts 0 1591487159.5665672 7.152557373046875e-07
fwd 0 1591487159.5665765 0.05394482612609863
bwd 0 1591487159.620606 0.07894468307495117
recvacts 0 1591487159.6997864 2.384185791015625e-07
fwd 0 1591487159.699796 0.05391502380371094
bwd 0 1591487159.7537951 0.07882452011108398
recvacts 0 1591487159.8328488 7.152557373046875e-07
fwd 0 1591487159.8328576 0.05387139320373535
bwd 0 1591487159.8868108 0.07888293266296387
recvacts 0 1591487159.9659438 7.152557373046875e-07
fwd 0 1591487159.9659534 0.05390357971191406
bwd 0 1591487160.019943 0.0796654224395752
recvacts 0 1591487160.0998595 4.76837158203125e-07
fwd 0 1591487160.0998693 0.054154157638549805
bwd 0 1591487160.1541095 0.0794382095336914
recvacts 0 1591487160.2337894 4.76837158203125e-07
fwd 0 1591487160.233798 0.054016828536987305
bwd 0 1591487160.2878988 0.07895803451538086
recvacts 0 1591487160.367083 4.76837158203125e-07
fwd 0 1591487160.3670917 0.053826093673706055
bwd 0 1591487160.4210138 0.07888436317443848
recvacts 0 1591487160.5001721 4.76837158203125e-07
fwd 0 1591487160.5001814 0.05387234687805176
bwd 0 1591487160.5541377 0.07907342910766602
recvacts 0 1591487160.6334589 7.152557373046875e-07
fwd 0 1591487160.6334682 0.05418705940246582
bwd 0 1591487160.687745 0.07920336723327637
recvacts 0 1591487160.7672117 7.152557373046875e-07
fwd 0 1591487160.767221 0.053946495056152344
bwd 0 1591487160.8212626 0.07914972305297852
recvacts 0 1591487160.9006698 7.152557373046875e-07
fwd 0 1591487160.9006796 0.05397152900695801
bwd 0 1591487160.9547358 0.07890772819519043
recvacts 0 1591487161.0338724 4.76837158203125e-07
fwd 0 1591487161.0338812 0.05386066436767578
bwd 0 1591487161.0878491 0.07915568351745605
recvacts 0 1591487161.1672776 4.76837158203125e-07
fwd 0 1591487161.167288 0.05398416519165039
bwd 0 1591487161.2213557 0.07900381088256836
recvacts 0 1591487161.3005898 2.384185791015625e-07
fwd 0 1591487161.3005984 0.05396747589111328
bwd 0 1591487161.354649 0.07885527610778809
recvacts 0 1591487161.4337323 4.76837158203125e-07
fwd 0 1591487161.433741 0.05401492118835449
bwd 0 1591487161.4878376 0.07900357246398926
recvacts 0 1591487161.567096 9.5367431640625e-07
fwd 0 1591487161.5671053 0.05387520790100098
bwd 0 1591487161.6210637 0.07889270782470703
recvacts 0 1591487161.7001936 4.76837158203125e-07
fwd 0 1591487161.7002027 0.053997039794921875
bwd 0 1591487161.754287 0.0790398120880127
recvacts 0 1591487161.8336012 4.76837158203125e-07
fwd 0 1591487161.833611 0.053995370864868164
bwd 0 1591487161.887699 0.07902765274047852
recvacts 0 1591487161.9669814 4.76837158203125e-07
fwd 0 1591487161.966991 0.05393266677856445
bwd 0 1591487162.0210073 0.07886600494384766
recvacts 0 1591487162.1001015 4.76837158203125e-07
fwd 0 1591487162.1001103 0.053910017013549805
bwd 0 1591487162.1541033 0.07924723625183105
recvacts 0 1591487162.2337055 9.5367431640625e-07
fwd 0 1591487162.2337165 0.05410361289978027
bwd 0 1591487162.287905 0.07907295227050781
SYNC! all_reduce 163109376 1591487162.3684497 0.00011563301086425781
overflow sync 1591487162.3687365 2.384185791015625e-07
SYNC! all-reduce time 0.6149449348449707

BATCH END 1591487158.101781 4.880532741546631

start time 1591487162.9976683
recvacts 0 1591487162.9977527 4.76837158203125e-07
fwd 0 1591487162.997763 0.054189443588256836
bwd 0 1591487163.0520463 0.0788428783416748
recvacts 0 1591487163.1311278 4.76837158203125e-07
fwd 0 1591487163.1311395 0.05383133888244629
bwd 0 1591487163.1851807 0.07907748222351074
recvacts 0 1591487163.2644863 7.152557373046875e-07
fwd 0 1591487163.264495 0.05385541915893555
bwd 0 1591487163.3184319 0.07881641387939453
recvacts 0 1591487163.3974755 7.152557373046875e-07
fwd 0 1591487163.3974838 0.05395030975341797
bwd 0 1591487163.451518 0.07883763313293457
recvacts 0 1591487163.5305843 4.76837158203125e-07
fwd 0 1591487163.5305934 0.0538332462310791
bwd 0 1591487163.5845103 0.07881474494934082
recvacts 0 1591487163.6635518 2.384185791015625e-07
fwd 0 1591487163.6635606 0.053858280181884766
bwd 0 1591487163.7175028 0.07885527610778809
recvacts 0 1591487163.7965875 4.76837158203125e-07
fwd 0 1591487163.7965963 0.053850650787353516
bwd 0 1591487163.8505282 0.07890963554382324
recvacts 0 1591487163.929665 4.76837158203125e-07
fwd 0 1591487163.9296734 0.0538785457611084
bwd 0 1591487163.983635 0.07884621620178223
recvacts 0 1591487164.0627096 4.76837158203125e-07
fwd 0 1591487164.0627184 0.05378150939941406
bwd 0 1591487164.1165822 0.07910466194152832
recvacts 0 1591487164.1959987 4.76837158203125e-07
fwd 0 1591487164.1960218 0.053957223892211914
bwd 0 1591487164.2500675 0.07886934280395508
recvacts 0 1591487164.3291733 4.76837158203125e-07
fwd 0 1591487164.3291821 0.053854942321777344
bwd 0 1591487164.3831203 0.07880616188049316
recvacts 0 1591487164.4621804 4.76837158203125e-07
fwd 0 1591487164.4621897 0.05394554138183594
bwd 0 1591487164.5162203 0.07882285118103027
recvacts 0 1591487164.5952692 4.76837158203125e-07
fwd 0 1591487164.5952778 0.053801536560058594
bwd 0 1591487164.6491632 0.07881951332092285
recvacts 0 1591487164.7282481 4.76837158203125e-07
fwd 0 1591487164.7282572 0.05393338203430176
bwd 0 1591487164.7822735 0.07897281646728516
recvacts 0 1591487164.8615148 4.76837158203125e-07
fwd 0 1591487164.8615248 0.05391383171081543
bwd 0 1591487164.9155223 0.07886981964111328
recvacts 0 1591487164.994618 4.76837158203125e-07
fwd 0 1591487164.994627 0.0538029670715332
bwd 0 1591487165.048513 0.07880043983459473
recvacts 0 1591487165.127539 4.76837158203125e-07
fwd 0 1591487165.1275477 0.053865909576416016
bwd 0 1591487165.1814957 0.0788264274597168
recvacts 0 1591487165.2605495 7.152557373046875e-07
fwd 0 1591487165.260558 0.05383157730102539
bwd 0 1591487165.314468 0.07878494262695312
recvacts 0 1591487165.3934784 4.76837158203125e-07
fwd 0 1591487165.3934872 0.05384182929992676
bwd 0 1591487165.44741 0.07879233360290527
recvacts 0 1591487165.5264277 4.76837158203125e-07
fwd 0 1591487165.5264366 0.05375981330871582
bwd 0 1591487165.5802898 0.07881379127502441
recvacts 0 1591487165.6593304 4.76837158203125e-07
fwd 0 1591487165.6593387 0.053862810134887695
bwd 0 1591487165.7132864 0.07969045639038086
recvacts 0 1591487165.7932162 4.76837158203125e-07
fwd 0 1591487165.793227 0.05419754981994629
bwd 0 1591487165.8475122 0.07930755615234375
recvacts 0 1591487165.9270525 4.76837158203125e-07
fwd 0 1591487165.9270618 0.053903818130493164
bwd 0 1591487165.9810488 0.0788888931274414
recvacts 0 1591487166.0601687 4.76837158203125e-07
fwd 0 1591487166.0601776 0.05393218994140625
bwd 0 1591487166.1141918 0.07962250709533691
recvacts 0 1591487166.194072 4.76837158203125e-07
fwd 0 1591487166.1940815 0.05417203903198242
bwd 0 1591487166.2483401 0.07919788360595703
recvacts 0 1591487166.3277652 4.76837158203125e-07
fwd 0 1591487166.3277743 0.05393671989440918
bwd 0 1591487166.3818133 0.0788869857788086
recvacts 0 1591487166.4609733 7.152557373046875e-07
fwd 0 1591487166.460983 0.05388021469116211
bwd 0 1591487166.5149477 0.07884955406188965
recvacts 0 1591487166.5940237 4.76837158203125e-07
fwd 0 1591487166.5940323 0.05385565757751465
bwd 0 1591487166.6479697 0.07886528968811035
recvacts 0 1591487166.7270627 4.76837158203125e-07
fwd 0 1591487166.7270715 0.053906917572021484
bwd 0 1591487166.7810612 0.07886600494384766
recvacts 0 1591487166.8601515 4.76837158203125e-07
fwd 0 1591487166.8601692 0.0539400577545166
bwd 0 1591487166.9141905 0.07887792587280273
recvacts 0 1591487166.993295 4.76837158203125e-07
fwd 0 1591487166.9933033 0.05392742156982422
bwd 0 1591487167.0473113 0.07888507843017578
recvacts 0 1591487167.1264243 4.76837158203125e-07
fwd 0 1591487167.1264331 0.05388760566711426
bwd 0 1591487167.1804063 0.0789177417755127
SYNC! all_reduce 163109376 1591487167.2602623 0.00011873245239257812
overflow sync 1591487167.2604594 0.0
SYNC! all-reduce time 0.6172773838043213

BATCH END 1591487162.9977322 4.8790974617004395

start time 1591534334.515593
recvacts 0 1591534334.5157979 4.76837158203125e-07
fwd 0 1591534334.5158184 0.3793222904205322
bwd 0 1591534334.8953137 0.08588147163391113
recvacts 0 1591534334.9814472 7.152557373046875e-07
fwd 0 1591534334.981461 0.05719470977783203
bwd 0 1591534335.0387502 0.08102965354919434
recvacts 0 1591534335.1200204 7.152557373046875e-07
fwd 0 1591534335.1200304 0.05417227745056152
bwd 0 1591534335.174287 0.07927680015563965
recvacts 0 1591534335.2537951 4.76837158203125e-07
fwd 0 1591534335.2538044 0.0543971061706543
bwd 0 1591534335.3083043 0.07893562316894531
recvacts 0 1591534335.3884406 7.152557373046875e-07
fwd 0 1591534335.388451 0.054108619689941406
bwd 0 1591534335.4426506 0.0796201229095459
recvacts 0 1591534335.5226278 9.5367431640625e-07
fwd 0 1591534335.5226417 0.05431342124938965
bwd 0 1591534335.577064 0.07958412170410156
recvacts 0 1591534335.657005 1.1920928955078125e-06
fwd 0 1591534335.6570165 0.05414104461669922
bwd 0 1591534335.7112498 0.07939839363098145
recvacts 0 1591534335.7909868 7.152557373046875e-07
fwd 0 1591534335.7909982 0.054000139236450195
bwd 0 1591534335.8450882 0.07897543907165527
recvacts 0 1591534335.924331 4.76837158203125e-07
fwd 0 1591534335.9243412 0.05383419990539551
bwd 0 1591534335.97826 0.07896852493286133
recvacts 0 1591534336.057464 4.76837158203125e-07
fwd 0 1591534336.057473 0.053843021392822266
bwd 0 1591534336.1114006 0.07887887954711914
recvacts 0 1591534336.1905322 4.76837158203125e-07
fwd 0 1591534336.1905415 0.053879499435424805
bwd 0 1591534336.2445054 0.0788722038269043
recvacts 0 1591534336.3236094 4.76837158203125e-07
fwd 0 1591534336.3236187 0.05394601821899414
bwd 0 1591534336.377652 0.07922124862670898
recvacts 0 1591534336.4571412 7.152557373046875e-07
fwd 0 1591534336.4571507 0.05396270751953125
bwd 0 1591534336.511199 0.07906293869018555
recvacts 0 1591534336.5905218 7.152557373046875e-07
fwd 0 1591534336.5905313 0.05390453338623047
bwd 0 1591534336.64452 0.07921528816223145
recvacts 0 1591534336.7240486 7.152557373046875e-07
fwd 0 1591534336.7240608 0.05407309532165527
bwd 0 1591534336.7782242 0.0789802074432373
recvacts 0 1591534336.8574448 7.152557373046875e-07
fwd 0 1591534336.8574545 0.05394172668457031
bwd 0 1591534336.9114785 0.0789492130279541
recvacts 0 1591534336.9906635 7.152557373046875e-07
fwd 0 1591534336.9906723 0.05393099784851074
bwd 0 1591534337.0446873 0.0789031982421875
recvacts 0 1591534337.1238256 7.152557373046875e-07
fwd 0 1591534337.1238346 0.053902387619018555
bwd 0 1591534337.1778238 0.07884645462036133
recvacts 0 1591534337.256902 2.384185791015625e-07
fwd 0 1591534337.256911 0.05375099182128906
bwd 0 1591534337.3107462 0.07909965515136719
recvacts 0 1591534337.390165 7.152557373046875e-07
fwd 0 1591534337.3901765 0.05414724349975586
bwd 0 1591534337.4444244 0.07936215400695801
recvacts 0 1591534337.5240986 7.152557373046875e-07
fwd 0 1591534337.5241106 0.05396294593811035
bwd 0 1591534337.5781655 0.07933712005615234
recvacts 0 1591534337.6578286 7.152557373046875e-07
fwd 0 1591534337.657841 0.05403399467468262
bwd 0 1591534337.7119684 0.07935810089111328
recvacts 0 1591534337.7916818 9.5367431640625e-07
fwd 0 1591534337.7916956 0.05422234535217285
bwd 0 1591534337.8460207 0.07922244071960449
recvacts 0 1591534337.9255145 7.152557373046875e-07
fwd 0 1591534337.925526 0.05405759811401367
bwd 0 1591534337.9796693 0.07902264595031738
recvacts 0 1591534338.058952 7.152557373046875e-07
fwd 0 1591534338.0589626 0.05396008491516113
bwd 0 1591534338.1130106 0.07999014854431152
recvacts 0 1591534338.1933236 4.76837158203125e-07
fwd 0 1591534338.193336 0.054119110107421875
bwd 0 1591534338.2475555 0.07950091361999512
recvacts 0 1591534338.3274446 9.5367431640625e-07
fwd 0 1591534338.32746 0.05419182777404785
bwd 0 1591534338.3817425 0.07915139198303223
recvacts 0 1591534338.4611692 7.152557373046875e-07
fwd 0 1591534338.4611797 0.05402183532714844
bwd 0 1591534338.515302 0.07924771308898926
recvacts 0 1591534338.594847 7.152557373046875e-07
fwd 0 1591534338.594858 0.05397295951843262
bwd 0 1591534338.6489213 0.07918429374694824
recvacts 0 1591534338.7283938 7.152557373046875e-07
fwd 0 1591534338.7284055 0.05390667915344238
bwd 0 1591534338.7823992 0.07893633842468262
recvacts 0 1591534338.8615708 2.384185791015625e-07
fwd 0 1591534338.8615801 0.05393171310424805
bwd 0 1591534338.915595 0.07895398139953613
recvacts 0 1591534338.9948275 4.76837158203125e-07
fwd 0 1591534338.9948373 0.053850412368774414
bwd 0 1591534339.0487819 0.0791921615600586
SYNC! all_reduce 163109376 1591534339.1290166 7.267677545547485
overflow sync 1591534346.3969758 4.76837158203125e-07
SYNC! all-reduce time 8.00810170173645

BATCH END 1591534334.5157545 12.620578289031982

start time 1591534347.153447
recvacts 0 1591534347.1535535 7.152557373046875e-07
fwd 0 1591534347.153564 0.054567575454711914
bwd 0 1591534347.2082517 0.07938408851623535
recvacts 0 1591534347.2879696 9.5367431640625e-07
fwd 0 1591534347.2879832 0.05413532257080078
bwd 0 1591534347.3422108 0.07958149909973145
recvacts 0 1591534347.4221666 9.5367431640625e-07
fwd 0 1591534347.422179 0.05442237854003906
bwd 0 1591534347.476735 0.07946586608886719
recvacts 0 1591534347.5565195 9.5367431640625e-07
fwd 0 1591534347.5565317 0.054114341735839844
bwd 0 1591534347.610798 0.07936239242553711
recvacts 0 1591534347.6904492 4.76837158203125e-07
fwd 0 1591534347.6904602 0.05382418632507324
bwd 0 1591534347.7443779 0.07944726943969727
recvacts 0 1591534347.8242612 7.152557373046875e-07
fwd 0 1591534347.8242755 0.054108619689941406
bwd 0 1591534347.8784788 0.07908415794372559
recvacts 0 1591534347.9578085 4.76837158203125e-07
fwd 0 1591534347.95782 0.05385708808898926
bwd 0 1591534348.0117624 0.07906889915466309
recvacts 0 1591534348.0911298 4.76837158203125e-07
fwd 0 1591534348.091143 0.05399060249328613
bwd 0 1591534348.1452222 0.0788736343383789
recvacts 0 1591534348.2243528 7.152557373046875e-07
fwd 0 1591534348.2243629 0.05385279655456543
bwd 0 1591534348.2783008 0.07883596420288086
recvacts 0 1591534348.3573744 7.152557373046875e-07
fwd 0 1591534348.3573835 0.05452871322631836
bwd 0 1591534348.4119964 0.07886886596679688
recvacts 0 1591534348.4911206 4.76837158203125e-07
fwd 0 1591534348.4911299 0.053880929946899414
bwd 0 1591534348.5450947 0.07888269424438477
recvacts 0 1591534348.6242166 7.152557373046875e-07
fwd 0 1591534348.6242259 0.053888797760009766
bwd 0 1591534348.678199 0.07947421073913574
recvacts 0 1591534348.7579317 9.5367431640625e-07
fwd 0 1591534348.757941 0.05428266525268555
bwd 0 1591534348.8123195 0.07970547676086426
recvacts 0 1591534348.8924012 9.5367431640625e-07
fwd 0 1591534348.8924124 0.05449032783508301
bwd 0 1591534348.9470003 0.07935380935668945
recvacts 0 1591534349.026621 9.5367431640625e-07
fwd 0 1591534349.0266323 0.05398917198181152
bwd 0 1591534349.0807114 0.07903647422790527
recvacts 0 1591534349.1600337 7.152557373046875e-07
fwd 0 1591534349.1600444 0.053876399993896484
bwd 0 1591534349.2140324 0.0791311264038086
recvacts 0 1591534349.2934833 1.9073486328125e-06
fwd 0 1591534349.2934976 0.05404353141784668
bwd 0 1591534349.347637 0.07929587364196777
recvacts 0 1591534349.4273434 7.152557373046875e-07
fwd 0 1591534349.427355 0.05434918403625488
bwd 0 1591534349.4817922 0.07909083366394043
recvacts 0 1591534349.561117 4.76837158203125e-07
fwd 0 1591534349.5611267 0.05391645431518555
bwd 0 1591534349.6151283 0.07886552810668945
recvacts 0 1591534349.6942313 4.76837158203125e-07
fwd 0 1591534349.6942413 0.053854942321777344
bwd 0 1591534349.7481792 0.07891368865966797
recvacts 0 1591534349.827333 4.76837158203125e-07
fwd 0 1591534349.827342 0.05402827262878418
bwd 0 1591534349.8814561 0.07910895347595215
recvacts 0 1591534349.9608014 4.76837158203125e-07
fwd 0 1591534349.9608104 0.054032087326049805
bwd 0 1591534350.0149443 0.07892107963562012
recvacts 0 1591534350.0941112 4.76837158203125e-07
fwd 0 1591534350.0941207 0.05387592315673828
bwd 0 1591534350.1480832 0.07934260368347168
recvacts 0 1591534350.227665 4.76837158203125e-07
fwd 0 1591534350.227674 0.05388927459716797
bwd 0 1591534350.281648 0.07888364791870117
recvacts 0 1591534350.3607724 4.76837158203125e-07
fwd 0 1591534350.3607817 0.05393171310424805
bwd 0 1591534350.4148045 0.07891488075256348
recvacts 0 1591534350.4939613 4.76837158203125e-07
fwd 0 1591534350.4939706 0.05394768714904785
bwd 0 1591534350.5480034 0.07888484001159668
recvacts 0 1591534350.6271255 4.76837158203125e-07
fwd 0 1591534350.6271348 0.05388760566711426
bwd 0 1591534350.6811097 0.07884407043457031
recvacts 0 1591534350.7602296 2.384185791015625e-07
fwd 0 1591534350.760256 0.05388450622558594
bwd 0 1591534350.8142238 0.07890653610229492
recvacts 0 1591534350.893379 7.152557373046875e-07
fwd 0 1591534350.893388 0.05387163162231445
bwd 0 1591534350.94735 0.07904863357543945
recvacts 0 1591534351.0266438 4.76837158203125e-07
fwd 0 1591534351.0266552 0.053948402404785156
bwd 0 1591534351.0806904 0.07887005805969238
recvacts 0 1591534351.159793 2.384185791015625e-07
fwd 0 1591534351.159802 0.0543515682220459
bwd 0 1591534351.2142482 0.07897710800170898
recvacts 0 1591534351.2935255 9.5367431640625e-07
fwd 0 1591534351.2935371 0.05398869514465332
bwd 0 1591534351.3476155 0.07913804054260254
SYNC! all_reduce 163109376 1591534351.4278643 0.0002040863037109375
overflow sync 1591534351.4281652 2.384185791015625e-07
SYNC! all-reduce time 0.7037391662597656

BATCH END 1591534347.1535244 4.977287769317627

start time 1591534352.146034
recvacts 0 1591534352.1461222 2.384185791015625e-07
fwd 0 1591534352.146132 0.054113149642944336
bwd 0 1591534352.2003348 0.07871294021606445
recvacts 0 1591534352.279296 9.5367431640625e-07
fwd 0 1591534352.279306 0.05394482612609863
bwd 0 1591534352.3333359 0.07889842987060547
recvacts 0 1591534352.4124825 7.152557373046875e-07
fwd 0 1591534352.4124916 0.05392122268676758
bwd 0 1591534352.4665074 0.0792076587677002
recvacts 0 1591534352.545975 4.76837158203125e-07
fwd 0 1591534352.5459847 0.05387449264526367
bwd 0 1591534352.5999427 0.07876753807067871
recvacts 0 1591534352.6789591 4.76837158203125e-07
fwd 0 1591534352.6789687 0.053832292556762695
bwd 0 1591534352.7328837 0.07882857322692871
recvacts 0 1591534352.8119593 4.76837158203125e-07
fwd 0 1591534352.811969 0.05390286445617676
bwd 0 1591534352.8659663 0.0792837142944336
recvacts 0 1591534352.9456043 7.152557373046875e-07
fwd 0 1591534352.9456153 0.05402970314025879
bwd 0 1591534352.999733 0.07897210121154785
recvacts 0 1591534353.0789456 7.152557373046875e-07
fwd 0 1591534353.078955 0.05384373664855957
bwd 0 1591534353.1328862 0.07891988754272461
recvacts 0 1591534353.212077 7.152557373046875e-07
fwd 0 1591534353.2120872 0.053926944732666016
bwd 0 1591534353.266102 0.07897663116455078
recvacts 0 1591534353.3453782 7.152557373046875e-07
fwd 0 1591534353.3453882 0.05396699905395508
bwd 0 1591534353.3994462 0.07928204536437988
recvacts 0 1591534353.4791048 7.152557373046875e-07
fwd 0 1591534353.479116 0.05461430549621582
bwd 0 1591534353.5338254 0.07888460159301758
recvacts 0 1591534353.6130068 1.33514404296875e-05
fwd 0 1591534353.613031 0.054032087326049805
bwd 0 1591534353.6671643 0.07916688919067383
recvacts 0 1591534353.746576 4.76837158203125e-07
fwd 0 1591534353.746586 0.05426168441772461
bwd 0 1591534353.8009331 0.07917165756225586
recvacts 0 1591534353.880392 9.5367431640625e-07
fwd 0 1591534353.8804018 0.05384635925292969
bwd 0 1591534353.9343321 0.07892251014709473
recvacts 0 1591534354.013532 7.152557373046875e-07
fwd 0 1591534354.0135412 0.05379486083984375
bwd 0 1591534354.0674214 0.07890486717224121
recvacts 0 1591534354.146558 4.76837158203125e-07
fwd 0 1591534354.1465673 0.05393385887145996
bwd 0 1591534354.2005858 0.07883262634277344
recvacts 0 1591534354.2796483 4.76837158203125e-07
fwd 0 1591534354.2796574 0.053885698318481445
bwd 0 1591534354.3336377 0.07906770706176758
recvacts 0 1591534354.4129655 9.5367431640625e-07
fwd 0 1591534354.412975 0.053877830505371094
bwd 0 1591534354.4669497 0.07892990112304688
recvacts 0 1591534354.5461543 4.76837158203125e-07
fwd 0 1591534354.5461636 0.05395364761352539
bwd 0 1591534354.600205 0.07886004447937012
recvacts 0 1591534354.6792986 4.76837158203125e-07
fwd 0 1591534354.6793087 0.05389261245727539
bwd 0 1591534354.7332864 0.07899069786071777
recvacts 0 1591534354.8125238 4.76837158203125e-07
fwd 0 1591534354.8125331 0.0538640022277832
bwd 0 1591534354.8664804 0.07886075973510742
recvacts 0 1591534354.9455738 9.5367431640625e-07
fwd 0 1591534354.945583 0.05385231971740723
bwd 0 1591534354.9995208 0.07878971099853516
recvacts 0 1591534355.0785427 4.76837158203125e-07
fwd 0 1591534355.0785518 0.05385947227478027
bwd 0 1591534355.1324968 0.07995200157165527
recvacts 0 1591534355.2127616 4.76837158203125e-07
fwd 0 1591534355.2127721 0.05398058891296387
bwd 0 1591534355.2668564 0.07912826538085938
recvacts 0 1591534355.3462863 4.76837158203125e-07
fwd 0 1591534355.3462968 0.053955793380737305
bwd 0 1591534355.4003391 0.0788717269897461
recvacts 0 1591534355.4797175 4.76837158203125e-07
fwd 0 1591534355.4797282 0.05386614799499512
bwd 0 1591534355.5336938 0.07889676094055176
recvacts 0 1591534355.6128483 7.152557373046875e-07
fwd 0 1591534355.6128578 0.05479741096496582
bwd 0 1591534355.667757 0.07892227172851562
recvacts 0 1591534355.7469184 4.76837158203125e-07
fwd 0 1591534355.7469275 0.05383157730102539
bwd 0 1591534355.8008432 0.07914376258850098
recvacts 0 1591534355.8803341 1.1920928955078125e-06
fwd 0 1591534355.8803449 0.05392098426818848
bwd 0 1591534355.9343545 0.0789794921875
recvacts 0 1591534356.013674 7.152557373046875e-07
fwd 0 1591534356.0137048 0.05392336845397949
bwd 0 1591534356.0677228 0.07882046699523926
recvacts 0 1591534356.1467757 7.152557373046875e-07
fwd 0 1591534356.1467845 0.05379986763000488
bwd 0 1591534356.2006805 0.07882022857666016
recvacts 0 1591534356.2797465 7.152557373046875e-07
fwd 0 1591534356.2797556 0.053858041763305664
bwd 0 1591534356.3337219 0.07917356491088867
SYNC! all_reduce 163109376 1591534356.4139059 9.584426879882812e-05
overflow sync 1591534356.4140863 2.384185791015625e-07
SYNC! all-reduce time 0.6007137298583984

BATCH END 1591534352.1461036 4.867789268493652

start time 1591591327.5357018
recvacts 0 1591591327.5358555 7.152557373046875e-07
fwd 0 1591591327.535869 0.34580230712890625
bwd 0 1591591327.8817894 0.08560013771057129
recvacts 0 1591591327.9676409 7.152557373046875e-07
fwd 0 1591591327.9676523 0.05702328681945801
bwd 0 1591591328.0247686 0.08069586753845215
recvacts 0 1591591328.105884 7.152557373046875e-07
fwd 0 1591591328.1058946 0.05416417121887207
bwd 0 1591591328.1601415 0.0797126293182373
recvacts 0 1591591328.2403548 4.76837158203125e-07
fwd 0 1591591328.2403789 0.05403923988342285
bwd 0 1591591328.2945013 0.07937288284301758
recvacts 0 1591591328.3743632 4.76837158203125e-07
fwd 0 1591591328.3743727 0.05381178855895996
bwd 0 1591591328.428277 0.07912659645080566
recvacts 0 1591591328.5078888 7.152557373046875e-07
fwd 0 1591591328.507898 0.053937435150146484
bwd 0 1591591328.5619185 0.07933592796325684
recvacts 0 1591591328.6417122 4.76837158203125e-07
fwd 0 1591591328.6417212 0.05374860763549805
bwd 0 1591591328.695553 0.07913041114807129
recvacts 0 1591591328.7751694 4.76837158203125e-07
fwd 0 1591591328.7751784 0.05376887321472168
bwd 0 1591591328.8290293 0.07904744148254395
recvacts 0 1591591328.9085982 7.152557373046875e-07
fwd 0 1591591328.9086075 0.05367636680603027
bwd 0 1591591328.9623656 0.07923007011413574
recvacts 0 1591591329.0420606 7.152557373046875e-07
fwd 0 1591591329.0420704 0.053887367248535156
bwd 0 1591591329.0960534 0.07916116714477539
recvacts 0 1591591329.1757197 4.76837158203125e-07
fwd 0 1591591329.1757298 0.05401206016540527
bwd 0 1591591329.2298262 0.0790102481842041
recvacts 0 1591591329.3093793 4.76837158203125e-07
fwd 0 1591591329.3093884 0.05386161804199219
bwd 0 1591591329.3633354 0.08472037315368652
recvacts 0 1591591329.448595 4.76837158203125e-07
fwd 0 1591591329.4486048 0.05503678321838379
bwd 0 1591591329.5037308 0.079193115234375
recvacts 0 1591591329.5833573 9.5367431640625e-07
fwd 0 1591591329.5833693 0.05372428894042969
bwd 0 1591591329.637183 0.07933259010314941
recvacts 0 1591591329.7170608 7.152557373046875e-07
fwd 0 1591591329.7170706 0.05372166633605957
bwd 0 1591591329.7708838 0.07909154891967773
recvacts 0 1591591329.85049 4.76837158203125e-07
fwd 0 1591591329.8505 0.05391645431518555
bwd 0 1591591329.9045062 0.07949447631835938
recvacts 0 1591591329.9845822 2.86102294921875e-06
fwd 0 1591591329.9845965 0.05417323112487793
bwd 0 1591591330.0388646 0.07899713516235352
recvacts 0 1591591330.1180983 4.76837158203125e-07
fwd 0 1591591330.118107 0.05383038520812988
bwd 0 1591591330.1720252 0.07895660400390625
recvacts 0 1591591330.2512279 4.76837158203125e-07
fwd 0 1591591330.2512376 0.05390667915344238
bwd 0 1591591330.3052366 0.07908034324645996
recvacts 0 1591591330.384621 7.152557373046875e-07
fwd 0 1591591330.3846352 0.05392956733703613
bwd 0 1591591330.4386513 0.07908821105957031
recvacts 0 1591591330.5180676 9.5367431640625e-07
fwd 0 1591591330.518083 0.0539860725402832
bwd 0 1591591330.5721738 0.07940030097961426
recvacts 0 1591591330.6519523 1.430511474609375e-06
fwd 0 1591591330.6519701 0.05400824546813965
bwd 0 1591591330.7060802 0.07916855812072754
recvacts 0 1591591330.785499 9.5367431640625e-07
fwd 0 1591591330.7855158 0.053904056549072266
bwd 0 1591591330.8395233 0.07893681526184082
recvacts 0 1591591330.9186926 4.76837158203125e-07
fwd 0 1591591330.918704 0.053807973861694336
bwd 0 1591591330.9725943 0.07885146141052246
recvacts 0 1591591331.0517168 4.76837158203125e-07
fwd 0 1591591331.051727 0.05397844314575195
bwd 0 1591591331.1057878 0.07918429374694824
recvacts 0 1591591331.1852221 4.76837158203125e-07
fwd 0 1591591331.1852314 0.0538935661315918
bwd 0 1591591331.2392066 0.07888460159301758
recvacts 0 1591591331.3183181 4.76837158203125e-07
fwd 0 1591591331.3183267 0.05381464958190918
bwd 0 1591591331.3722262 0.07900261878967285
recvacts 0 1591591331.4514682 4.76837158203125e-07
fwd 0 1591591331.4514775 0.053941965103149414
bwd 0 1591591331.5055187 0.07959771156311035
recvacts 0 1591591331.5853536 7.152557373046875e-07
fwd 0 1591591331.585363 0.05383038520812988
bwd 0 1591591331.6392834 0.07879328727722168
recvacts 0 1591591331.718311 2.384185791015625e-07
fwd 0 1591591331.718321 0.05370736122131348
bwd 0 1591591331.7721133 0.07884597778320312
recvacts 0 1591591331.8511882 4.76837158203125e-07
fwd 0 1591591331.851197 0.05375051498413086
bwd 0 1591591331.905028 0.0788576602935791
recvacts 0 1591591331.9841151 9.5367431640625e-07
fwd 0 1591591331.9841244 0.053822994232177734
bwd 0 1591591332.038038 0.07905721664428711
SYNC! all_reduce 163109376 1591591332.118295 0.7715647220611572
overflow sync 1591591332.890024 2.384185791015625e-07
SYNC! all-reduce time 1.5829060077667236

BATCH END 1591591327.5358274 6.164458274841309

start time 1591591333.7167244
recvacts 0 1591591333.7168167 4.76837158203125e-07
fwd 0 1591591333.716827 0.054163455963134766
bwd 0 1591591333.7710786 0.07901549339294434
recvacts 0 1591591333.8503375 4.76837158203125e-07
fwd 0 1591591333.8503482 0.053871870040893555
bwd 0 1591591333.90432 0.07899260520935059
recvacts 0 1591591333.9835582 4.76837158203125e-07
fwd 0 1591591333.9835684 0.05390739440917969
bwd 0 1591591334.037565 0.07884979248046875
recvacts 0 1591591334.1166453 4.76837158203125e-07
fwd 0 1591591334.1166546 0.05371665954589844
bwd 0 1591591334.1704626 0.0788121223449707
recvacts 0 1591591334.249544 4.76837158203125e-07
fwd 0 1591591334.2495534 0.05366945266723633
bwd 0 1591591334.3033044 0.07883691787719727
recvacts 0 1591591334.3823688 4.76837158203125e-07
fwd 0 1591591334.3823776 0.05376577377319336
bwd 0 1591591334.4362261 0.07883906364440918
recvacts 0 1591591334.5152953 4.76837158203125e-07
fwd 0 1591591334.5153039 0.05388307571411133
bwd 0 1591591334.5692718 0.07925748825073242
recvacts 0 1591591334.6487634 4.76837158203125e-07
fwd 0 1591591334.6487727 0.05374574661254883
bwd 0 1591591334.702601 0.07883453369140625
recvacts 0 1591591334.7816994 4.76837158203125e-07
fwd 0 1591591334.7817082 0.05373072624206543
bwd 0 1591591334.8355196 0.07886409759521484
recvacts 0 1591591334.914607 4.76837158203125e-07
fwd 0 1591591334.914616 0.053778886795043945
bwd 0 1591591334.9684772 0.07888054847717285
recvacts 0 1591591335.047612 7.152557373046875e-07
fwd 0 1591591335.0476215 0.05374956130981445
bwd 0 1591591335.10147 0.07886433601379395
recvacts 0 1591591335.1805751 9.5367431640625e-07
fwd 0 1591591335.180585 0.05388641357421875
bwd 0 1591591335.2345548 0.07887816429138184
recvacts 0 1591591335.3136642 4.76837158203125e-07
fwd 0 1591591335.3136744 0.053881168365478516
bwd 0 1591591335.367639 0.07893729209899902
recvacts 0 1591591335.4468045 4.76837158203125e-07
fwd 0 1591591335.4468136 0.053777217864990234
bwd 0 1591591335.5006745 0.0788259506225586
recvacts 0 1591591335.5797706 4.76837158203125e-07
fwd 0 1591591335.5797799 0.053760528564453125
bwd 0 1591591335.6336236 0.07881879806518555
recvacts 0 1591591335.7127066 4.76837158203125e-07
fwd 0 1591591335.712716 0.05369091033935547
bwd 0 1591591335.7664936 0.0788736343383789
recvacts 0 1591591335.845597 4.76837158203125e-07
fwd 0 1591591335.845606 0.05381011962890625
bwd 0 1591591335.8995008 0.07904386520385742
recvacts 0 1591591335.9787955 4.76837158203125e-07
fwd 0 1591591335.9788084 0.05407357215881348
bwd 0 1591591336.032964 0.07895255088806152
recvacts 0 1591591336.1121447 4.76837158203125e-07
fwd 0 1591591336.1121535 0.053872108459472656
bwd 0 1591591336.166108 0.07879781723022461
recvacts 0 1591591336.2451324 7.152557373046875e-07
fwd 0 1591591336.2451417 0.053859710693359375
bwd 0 1591591336.2990873 0.07904982566833496
recvacts 0 1591591336.378435 2.1457672119140625e-06
fwd 0 1591591336.3784475 0.054106950759887695
bwd 0 1591591336.4326437 0.07888603210449219
recvacts 0 1591591336.511754 4.76837158203125e-07
fwd 0 1591591336.511763 0.053896188735961914
bwd 0 1591591336.565745 0.07883381843566895
recvacts 0 1591591336.644809 7.152557373046875e-07
fwd 0 1591591336.6448178 0.05382871627807617
bwd 0 1591591336.69873 0.07900023460388184
recvacts 0 1591591336.7779765 1.430511474609375e-06
fwd 0 1591591336.777987 0.053987741470336914
bwd 0 1591591336.8320613 0.07883739471435547
recvacts 0 1591591336.911124 7.152557373046875e-07
fwd 0 1591591336.9111326 0.053822994232177734
bwd 0 1591591336.9650385 0.07883858680725098
recvacts 0 1591591337.044135 9.5367431640625e-07
fwd 0 1591591337.0441449 0.05386519432067871
bwd 0 1591591337.098102 0.07897591590881348
recvacts 0 1591591337.1773415 4.76837158203125e-07
fwd 0 1591591337.1773517 0.053781747817993164
bwd 0 1591591337.2312183 0.07895970344543457
recvacts 0 1591591337.3104231 4.76837158203125e-07
fwd 0 1591591337.3104322 0.053748130798339844
bwd 0 1591591337.3642766 0.0788424015045166
recvacts 0 1591591337.4433918 4.76837158203125e-07
fwd 0 1591591337.4434018 0.053827762603759766
bwd 0 1591591337.497331 0.07962298393249512
recvacts 0 1591591337.5771868 4.76837158203125e-07
fwd 0 1591591337.577197 0.053829193115234375
bwd 0 1591591337.63111 0.07883310317993164
recvacts 0 1591591337.7102118 7.152557373046875e-07
fwd 0 1591591337.7102208 0.05379843711853027
bwd 0 1591591337.7641008 0.07883286476135254
recvacts 0 1591591337.8431606 7.152557373046875e-07
fwd 0 1591591337.8431695 0.053766727447509766
bwd 0 1591591337.8970187 0.07888650894165039
SYNC! all_reduce 163109376 1591591337.9768593 0.0001957416534423828
overflow sync 1591591337.9771385 2.384185791015625e-07
SYNC! all-reduce time 0.6582517623901367

BATCH END 1591591333.7167943 4.917598724365234

start time 1591591338.6497328
recvacts 0 1591591338.6498196 4.76837158203125e-07
fwd 0 1591591338.6498299 0.05398917198181152
bwd 0 1591591338.7039075 0.07879924774169922
recvacts 0 1591591338.7829676 7.152557373046875e-07
fwd 0 1591591338.7829778 0.05389118194580078
bwd 0 1591591338.8369563 0.07889008522033691
recvacts 0 1591591338.9160821 7.152557373046875e-07
fwd 0 1591591338.9160917 0.053914785385131836
bwd 0 1591591338.9701016 0.0789344310760498
recvacts 0 1591591339.0493376 7.152557373046875e-07
fwd 0 1591591339.0493476 0.054099321365356445
bwd 0 1591591339.1035326 0.0789194107055664
recvacts 0 1591591339.1826823 9.5367431640625e-07
fwd 0 1591591339.1826916 0.05389523506164551
bwd 0 1591591339.23667 0.07876729965209961
recvacts 0 1591591339.3156674 4.76837158203125e-07
fwd 0 1591591339.315677 0.053885459899902344
bwd 0 1591591339.3696454 0.07958221435546875
recvacts 0 1591591339.4494658 9.5367431640625e-07
fwd 0 1591591339.449475 0.05424833297729492
bwd 0 1591591339.50381 0.0789797306060791
recvacts 0 1591591339.5830207 9.5367431640625e-07
fwd 0 1591591339.58303 0.053746700286865234
bwd 0 1591591339.63686 0.07892370223999023
recvacts 0 1591591339.7160118 4.76837158203125e-07
fwd 0 1591591339.716021 0.053858280181884766
bwd 0 1591591339.7699635 0.07903146743774414
recvacts 0 1591591339.849267 4.76837158203125e-07
fwd 0 1591591339.8492763 0.054038047790527344
bwd 0 1591591339.903401 0.07902979850769043
recvacts 0 1591591339.9827363 7.152557373046875e-07
fwd 0 1591591339.9827468 0.053951263427734375
bwd 0 1591591340.036786 0.07896113395690918
recvacts 0 1591591340.1159897 4.76837158203125e-07
fwd 0 1591591340.1159995 0.05386996269226074
bwd 0 1591591340.1699579 0.07894468307495117
recvacts 0 1591591340.2491696 4.76837158203125e-07
fwd 0 1591591340.2491791 0.05378150939941406
bwd 0 1591591340.3030443 0.07878684997558594
recvacts 0 1591591340.3820653 7.152557373046875e-07
fwd 0 1591591340.382074 0.053763628005981445
bwd 0 1591591340.4359224 0.07891416549682617
recvacts 0 1591591340.5150697 4.76837158203125e-07
fwd 0 1591591340.515079 0.0538182258605957
bwd 0 1591591340.568985 0.0789649486541748
recvacts 0 1591591340.6482172 7.152557373046875e-07
fwd 0 1591591340.648227 0.053772926330566406
bwd 0 1591591340.7020838 0.07968711853027344
recvacts 0 1591591340.7819993 4.76837158203125e-07
fwd 0 1591591340.7820084 0.054058074951171875
bwd 0 1591591340.83615 0.0791165828704834
recvacts 0 1591591340.9154997 7.152557373046875e-07
fwd 0 1591591340.9155085 0.05382847785949707
bwd 0 1591591340.9694216 0.07890892028808594
recvacts 0 1591591341.0485659 4.76837158203125e-07
fwd 0 1591591341.048575 0.05382895469665527
bwd 0 1591591341.1024945 0.07895040512084961
recvacts 0 1591591341.1816783 7.152557373046875e-07
fwd 0 1591591341.1816888 0.05385422706604004
bwd 0 1591591341.235629 0.07887482643127441
recvacts 0 1591591341.314774 7.152557373046875e-07
fwd 0 1591591341.3147829 0.05371499061584473
bwd 0 1591591341.3685815 0.07900476455688477
recvacts 0 1591591341.4479058 2.384185791015625e-06
fwd 0 1591591341.4479191 0.05400204658508301
bwd 0 1591591341.502022 0.0789492130279541
recvacts 0 1591591341.5812078 4.76837158203125e-07
fwd 0 1591591341.581217 0.05370306968688965
bwd 0 1591591341.6350114 0.07950711250305176
recvacts 0 1591591341.714886 1.1920928955078125e-06
fwd 0 1591591341.714897 0.05408191680908203
bwd 0 1591591341.7690809 0.07922101020812988
recvacts 0 1591591341.8486075 7.152557373046875e-07
fwd 0 1591591341.848618 0.05391502380371094
bwd 0 1591591341.9026263 0.07887816429138184
recvacts 0 1591591341.9817364 7.152557373046875e-07
fwd 0 1591591341.9817455 0.05373978614807129
bwd 0 1591591342.0355694 0.0814371109008789
recvacts 0 1591591342.1173418 1.430511474609375e-06
fwd 0 1591591342.1173532 0.0540163516998291
bwd 0 1591591342.1714582 0.07891535758972168
recvacts 0 1591591342.2506132 4.76837158203125e-07
fwd 0 1591591342.2506225 0.05382728576660156
bwd 0 1591591342.3045402 0.07890558242797852
recvacts 0 1591591342.3837032 4.76837158203125e-07
fwd 0 1591591342.3837132 0.053945064544677734
bwd 0 1591591342.4377515 0.07899117469787598
recvacts 0 1591591342.5169473 7.152557373046875e-07
fwd 0 1591591342.5169575 0.05380082130432129
bwd 0 1591591342.5708513 0.0788421630859375
recvacts 0 1591591342.6499448 4.76837158203125e-07
fwd 0 1591591342.6499538 0.05375242233276367
bwd 0 1591591342.703791 0.07889890670776367
recvacts 0 1591591342.7829218 4.76837158203125e-07
fwd 0 1591591342.7829306 0.0536656379699707
bwd 0 1591591342.8366792 0.0788717269897461
SYNC! all_reduce 163109376 1591591342.9171698 0.0001652240753173828
overflow sync 1591591342.917429 2.384185791015625e-07
SYNC! all-reduce time 0.6191539764404297

BATCH END 1591591338.6498013 4.885284900665283

start time 1591642152.4080567
recvacts 0 1591642152.4082105 4.76837158203125e-07
fwd 0 1591642152.408229 0.35709071159362793
bwd 0 1591642152.7655203 0.08413028717041016
recvacts 0 1591642152.8499131 7.152557373046875e-07
fwd 0 1591642152.8499255 0.05446481704711914
bwd 0 1591642152.9044805 0.07963109016418457
recvacts 0 1591642152.9843605 7.152557373046875e-07
fwd 0 1591642152.98437 0.05411100387573242
bwd 0 1591642153.0385644 0.0792691707611084
recvacts 0 1591642153.1180794 4.76837158203125e-07
fwd 0 1591642153.1180885 0.05382657051086426
bwd 0 1591642153.171998 0.07896685600280762
recvacts 0 1591642153.2511902 7.152557373046875e-07
fwd 0 1591642153.251199 0.05411958694458008
bwd 0 1591642153.3054001 0.07901477813720703
recvacts 0 1591642153.384646 7.152557373046875e-07
fwd 0 1591642153.3846555 0.05384564399719238
bwd 0 1591642153.4385915 0.0789651870727539
recvacts 0 1591642153.5177886 4.76837158203125e-07
fwd 0 1591642153.5177972 0.05385327339172363
bwd 0 1591642153.571736 0.0789787769317627
recvacts 0 1591642153.6509523 7.152557373046875e-07
fwd 0 1591642153.6509614 0.05379033088684082
bwd 0 1591642153.70484 0.07918763160705566
recvacts 0 1591642153.7843466 4.76837158203125e-07
fwd 0 1591642153.7843587 0.05401039123535156
bwd 0 1591642153.8384588 0.0792393684387207
recvacts 0 1591642153.9179745 7.152557373046875e-07
fwd 0 1591642153.9179864 0.05397653579711914
bwd 0 1591642153.9720585 0.07894253730773926
recvacts 0 1591642154.0512404 4.76837158203125e-07
fwd 0 1591642154.0512497 0.05388307571411133
bwd 0 1591642154.1052191 0.0789341926574707
recvacts 0 1591642154.1844194 7.152557373046875e-07
fwd 0 1591642154.1844292 0.053754329681396484
bwd 0 1591642154.2382677 0.07903456687927246
recvacts 0 1591642154.3175547 4.76837158203125e-07
fwd 0 1591642154.3175645 0.05388212203979492
bwd 0 1591642154.371538 0.07898664474487305
recvacts 0 1591642154.4507902 7.152557373046875e-07
fwd 0 1591642154.4507987 0.053780555725097656
bwd 0 1591642154.5050125 0.07898116111755371
recvacts 0 1591642154.5842216 7.152557373046875e-07
fwd 0 1591642154.5842304 0.053853750228881836
bwd 0 1591642154.638166 0.07908821105957031
recvacts 0 1591642154.7176006 9.5367431640625e-07
fwd 0 1591642154.7176116 0.053888559341430664
bwd 0 1591642154.7715936 0.07912445068359375
recvacts 0 1591642154.8510113 1.1920928955078125e-06
fwd 0 1591642154.8510215 0.054009437561035156
bwd 0 1591642154.9051259 0.07944202423095703
recvacts 0 1591642154.9849706 9.5367431640625e-07
fwd 0 1591642154.984983 0.0539858341217041
bwd 0 1591642155.0390606 0.07913899421691895
recvacts 0 1591642155.1184723 7.152557373046875e-07
fwd 0 1591642155.1184828 0.05395936965942383
bwd 0 1591642155.172526 0.0825202465057373
recvacts 0 1591642155.2552762 7.152557373046875e-07
fwd 0 1591642155.255286 0.053783416748046875
bwd 0 1591642155.309157 0.07910680770874023
recvacts 0 1591642155.388506 4.76837158203125e-07
fwd 0 1591642155.3885148 0.05382943153381348
bwd 0 1591642155.442426 0.07901477813720703
recvacts 0 1591642155.5216758 4.76837158203125e-07
fwd 0 1591642155.5216844 0.053739070892333984
bwd 0 1591642155.5755057 0.07905268669128418
recvacts 0 1591642155.6547925 4.76837158203125e-07
fwd 0 1591642155.654801 0.05404520034790039
bwd 0 1591642155.7089288 0.07905101776123047
recvacts 0 1591642155.7882109 4.76837158203125e-07
fwd 0 1591642155.78822 0.05414772033691406
bwd 0 1591642155.8424492 0.0788567066192627
recvacts 0 1591642155.9215348 4.76837158203125e-07
fwd 0 1591642155.9215434 0.05385613441467285
bwd 0 1591642155.9754884 0.07903289794921875
recvacts 0 1591642156.054776 7.152557373046875e-07
fwd 0 1591642156.054785 0.05392146110534668
bwd 0 1591642156.1087923 0.07903695106506348
recvacts 0 1591642156.1880808 7.152557373046875e-07
fwd 0 1591642156.18809 0.053899526596069336
bwd 0 1591642156.2420735 0.07906699180603027
recvacts 0 1591642156.3214269 4.76837158203125e-07
fwd 0 1591642156.321436 0.05377769470214844
bwd 0 1591642156.3752966 0.07990312576293945
recvacts 0 1591642156.4557457 7.152557373046875e-07
fwd 0 1591642156.4557548 0.05391645431518555
bwd 0 1591642156.5097613 0.07936716079711914
recvacts 0 1591642156.5895672 4.76837158203125e-07
fwd 0 1591642156.5895903 0.05415940284729004
bwd 0 1591642156.643896 0.08004188537597656
recvacts 0 1591642156.7245202 2.86102294921875e-06
fwd 0 1591642156.7245383 0.05477547645568848
bwd 0 1591642156.779453 0.07976126670837402
recvacts 0 1591642156.8595254 7.152557373046875e-07
fwd 0 1591642156.8595383 0.054078102111816406
bwd 0 1591642156.913714 0.07979416847229004
SYNC! all_reduce 163109376 1591642156.9945383 0.9618194103240967
overflow sync 1591642157.9565532 0.0
SYNC! all-reduce time 1.6636028289794922

BATCH END 1591642152.408185 6.249189853668213

start time 1591642158.6761115
recvacts 0 1591642158.6762261 2.384185791015625e-07
fwd 0 1591642158.6762488 0.05438232421875
bwd 0 1591642158.7307296 0.07919692993164062
recvacts 0 1591642158.8102016 7.152557373046875e-07
fwd 0 1591642158.8102124 0.0540919303894043
bwd 0 1591642158.8643925 0.07929229736328125
recvacts 0 1591642158.9440312 7.152557373046875e-07
fwd 0 1591642158.9440417 0.05406665802001953
bwd 0 1591642158.9982014 0.07907509803771973
recvacts 0 1591642159.0775263 7.152557373046875e-07
fwd 0 1591642159.0775356 0.05390644073486328
bwd 0 1591642159.1315308 0.07917666435241699
recvacts 0 1591642159.2109547 9.5367431640625e-07
fwd 0 1591642159.210965 0.05379056930541992
bwd 0 1591642159.2648551 0.07899761199951172
recvacts 0 1591642159.3440945 7.152557373046875e-07
fwd 0 1591642159.3441045 0.053856849670410156
bwd 0 1591642159.3980548 0.07956528663635254
recvacts 0 1591642159.477904 1.430511474609375e-06
fwd 0 1591642159.477915 0.053978919982910156
bwd 0 1591642159.531979 0.07937169075012207
recvacts 0 1591642159.6116364 9.5367431640625e-07
fwd 0 1591642159.6116476 0.054068565368652344
bwd 0 1591642159.6658125 0.07901597023010254
recvacts 0 1591642159.7451203 7.152557373046875e-07
fwd 0 1591642159.74513 0.05395841598510742
bwd 0 1591642159.7991807 0.07906484603881836
recvacts 0 1591642159.8784852 7.152557373046875e-07
fwd 0 1591642159.8784955 0.0538637638092041
bwd 0 1591642159.9324405 0.07893562316894531
recvacts 0 1591642160.0116117 2.384185791015625e-07
fwd 0 1591642160.0116205 0.053874969482421875
bwd 0 1591642160.0655766 0.07890200614929199
recvacts 0 1591642160.144716 4.76837158203125e-07
fwd 0 1591642160.144725 0.05379343032836914
bwd 0 1591642160.1986055 0.07889819145202637
recvacts 0 1591642160.2777863 7.152557373046875e-07
fwd 0 1591642160.2778165 0.053891658782958984
bwd 0 1591642160.3318095 0.07917332649230957
recvacts 0 1591642160.4112697 7.152557373046875e-07
fwd 0 1591642160.4112809 0.05396413803100586
bwd 0 1591642160.4653354 0.07945036888122559
recvacts 0 1591642160.5450404 7.152557373046875e-07
fwd 0 1591642160.5450506 0.05394482612609863
bwd 0 1591642160.5990863 0.07909178733825684
recvacts 0 1591642160.6784217 4.76837158203125e-07
fwd 0 1591642160.6784317 0.05386018753051758
bwd 0 1591642160.7323737 0.07890200614929199
recvacts 0 1591642160.8115067 4.76837158203125e-07
fwd 0 1591642160.8115153 0.053856849670410156
bwd 0 1591642160.865462 0.07893252372741699
recvacts 0 1591642160.9446242 4.76837158203125e-07
fwd 0 1591642160.9446328 0.053827762603759766
bwd 0 1591642160.9985487 0.07893085479736328
recvacts 0 1591642161.0777156 4.76837158203125e-07
fwd 0 1591642161.0777242 0.05417966842651367
bwd 0 1591642161.1319883 0.0789346694946289
recvacts 0 1591642161.2111533 4.76837158203125e-07
fwd 0 1591642161.2111628 0.05391407012939453
bwd 0 1591642161.2651646 0.07899999618530273
recvacts 0 1591642161.344452 4.76837158203125e-07
fwd 0 1591642161.3444612 0.05387616157531738
bwd 0 1591642161.398425 0.07903671264648438
recvacts 0 1591642161.4777188 7.152557373046875e-07
fwd 0 1591642161.4777288 0.05391740798950195
bwd 0 1591642161.5317297 0.07891535758972168
recvacts 0 1591642161.610942 4.76837158203125e-07
fwd 0 1591642161.6109517 0.05383896827697754
bwd 0 1591642161.6649024 0.07931876182556152
recvacts 0 1591642161.744496 4.76837158203125e-07
fwd 0 1591642161.7445064 0.0538480281829834
bwd 0 1591642161.7984374 0.07884764671325684
recvacts 0 1591642161.8775449 9.5367431640625e-07
fwd 0 1591642161.877554 0.05386638641357422
bwd 0 1591642161.9315057 0.07903528213500977
recvacts 0 1591642162.0108023 7.152557373046875e-07
fwd 0 1591642162.010812 0.053824663162231445
bwd 0 1591642162.06472 0.0793306827545166
recvacts 0 1591642162.1443005 4.76837158203125e-07
fwd 0 1591642162.1443105 0.053872108459472656
bwd 0 1591642162.1982698 0.07921934127807617
recvacts 0 1591642162.2778196 4.76837158203125e-07
fwd 0 1591642162.27783 0.0537409782409668
bwd 0 1591642162.3316627 0.07903909683227539
recvacts 0 1591642162.4109514 4.76837158203125e-07
fwd 0 1591642162.410961 0.05396580696105957
bwd 0 1591642162.4650142 0.07917261123657227
recvacts 0 1591642162.5444891 4.76837158203125e-07
fwd 0 1591642162.5445023 0.0540766716003418
bwd 0 1591642162.5986726 0.07922720909118652
recvacts 0 1591642162.678205 9.5367431640625e-07
fwd 0 1591642162.6782167 0.05418562889099121
bwd 0 1591642162.7324967 0.07926750183105469
recvacts 0 1591642162.8121 7.152557373046875e-07
fwd 0 1591642162.8121114 0.05421113967895508
bwd 0 1591642162.8664167 0.07918286323547363
SYNC! all_reduce 163109376 1591642162.946592 0.00021767616271972656
overflow sync 1591642162.9468956 2.384185791015625e-07
SYNC! all-reduce time 0.6053121089935303

BATCH END 1591642158.6761928 4.874989748001099

start time 1591642163.5671077
recvacts 0 1591642163.5671885 4.76837158203125e-07
fwd 0 1591642163.5671983 0.05403494834899902
bwd 0 1591642163.621321 0.07873749732971191
recvacts 0 1591642163.700348 4.76837158203125e-07
fwd 0 1591642163.7003586 0.05392289161682129
bwd 0 1591642163.7543669 0.07888627052307129
recvacts 0 1591642163.8334897 4.76837158203125e-07
fwd 0 1591642163.833499 0.053858041763305664
bwd 0 1591642163.8874438 0.07887768745422363
recvacts 0 1591642163.9665592 1.1920928955078125e-06
fwd 0 1591642163.9665685 0.05382347106933594
bwd 0 1591642164.020475 0.0788576602935791
recvacts 0 1591642164.0995672 7.152557373046875e-07
fwd 0 1591642164.0995762 0.05388164520263672
bwd 0 1591642164.1535413 0.07889151573181152
recvacts 0 1591642164.232688 7.152557373046875e-07
fwd 0 1591642164.232697 0.0538334846496582
bwd 0 1591642164.2866204 0.0790400505065918
recvacts 0 1591642164.3659515 4.76837158203125e-07
fwd 0 1591642164.3659616 0.05392956733703613
bwd 0 1591642164.419985 0.07901930809020996
recvacts 0 1591642164.4992766 7.152557373046875e-07
fwd 0 1591642164.4992864 0.05398130416870117
bwd 0 1591642164.5533643 0.0791177749633789
recvacts 0 1591642164.6327367 7.152557373046875e-07
fwd 0 1591642164.6327486 0.053876638412475586
bwd 0 1591642164.686728 0.07892036437988281
recvacts 0 1591642164.7659113 4.76837158203125e-07
fwd 0 1591642164.7659204 0.053780317306518555
bwd 0 1591642164.8197844 0.0788576602935791
recvacts 0 1591642164.8988845 4.76837158203125e-07
fwd 0 1591642164.8988936 0.05378580093383789
bwd 0 1591642164.9527628 0.07971596717834473
recvacts 0 1591642165.032726 7.152557373046875e-07
fwd 0 1591642165.0327349 0.05421018600463867
bwd 0 1591642165.0870292 0.07948970794677734
recvacts 0 1591642165.1667917 7.152557373046875e-07
fwd 0 1591642165.166802 0.054315805435180664
bwd 0 1591642165.2212007 0.08029437065124512
recvacts 0 1591642165.3017752 4.76837158203125e-07
fwd 0 1591642165.3017848 0.053833723068237305
bwd 0 1591642165.3557193 0.07896995544433594
recvacts 0 1591642165.4349196 7.152557373046875e-07
fwd 0 1591642165.4349277 0.05391216278076172
bwd 0 1591642165.4889216 0.07893967628479004
recvacts 0 1591642165.5680912 4.76837158203125e-07
fwd 0 1591642165.5681005 0.05387759208679199
bwd 0 1591642165.6220584 0.07892966270446777
recvacts 0 1591642165.7012224 4.76837158203125e-07
fwd 0 1591642165.7012312 0.053862810134887695
bwd 0 1591642165.755181 0.07898259162902832
recvacts 0 1591642165.8343966 4.76837158203125e-07
fwd 0 1591642165.8344052 0.05376172065734863
bwd 0 1591642165.8882594 0.0789799690246582
recvacts 0 1591642165.9675162 7.152557373046875e-07
fwd 0 1591642165.9675245 0.0538480281829834
bwd 0 1591642166.0214574 0.0789957046508789
recvacts 0 1591642166.1007342 4.76837158203125e-07
fwd 0 1591642166.100745 0.05389738082885742
bwd 0 1591642166.154726 0.07889747619628906
recvacts 0 1591642166.2338948 7.152557373046875e-07
fwd 0 1591642166.2339036 0.053888559341430664
bwd 0 1591642166.2878742 0.07886958122253418
recvacts 0 1591642166.3669734 4.76837158203125e-07
fwd 0 1591642166.3669822 0.05380535125732422
bwd 0 1591642166.4208834 0.07923769950866699
recvacts 0 1591642166.5004814 1.9073486328125e-06
fwd 0 1591642166.500495 0.05404782295227051
bwd 0 1591642166.5546484 0.0789339542388916
recvacts 0 1591642166.6338465 7.152557373046875e-07
fwd 0 1591642166.6338556 0.053861379623413086
bwd 0 1591642166.687803 0.07906317710876465
recvacts 0 1591642166.7671127 2.384185791015625e-07
fwd 0 1591642166.7671223 0.053905487060546875
bwd 0 1591642166.8211157 0.07889890670776367
recvacts 0 1591642166.9002557 7.152557373046875e-07
fwd 0 1591642166.9002645 0.053906917572021484
bwd 0 1591642166.9542654 0.07895755767822266
recvacts 0 1591642167.0334597 4.76837158203125e-07
fwd 0 1591642167.0334692 0.05388045310974121
bwd 0 1591642167.0874352 0.07914233207702637
recvacts 0 1591642167.1668541 7.152557373046875e-07
fwd 0 1591642167.1668644 0.054065704345703125
bwd 0 1591642167.2210135 0.0789794921875
recvacts 0 1591642167.3004422 4.76837158203125e-07
fwd 0 1591642167.3004534 0.05408191680908203
bwd 0 1591642167.3546302 0.07886958122253418
recvacts 0 1591642167.4337401 4.76837158203125e-07
fwd 0 1591642167.4337516 0.053906917572021484
bwd 0 1591642167.4877427 0.07908797264099121
recvacts 0 1591642167.5670662 4.76837158203125e-07
fwd 0 1591642167.5670753 0.05388164520263672
bwd 0 1591642167.6210394 0.07891678810119629
recvacts 0 1591642167.7001843 4.76837158203125e-07
fwd 0 1591642167.7001932 0.05382990837097168
bwd 0 1591642167.7541058 0.07897686958312988
SYNC! all_reduce 163109376 1591642167.8340175 0.0002276897430419922
overflow sync 1591642167.8343263 0.0
SYNC! all-reduce time 0.6507866382598877

BATCH END 1591642163.5671706 4.9169745445251465

