start time 1591350895.833226
recvacts 0 1591350895.8334534 4.76837158203125e-07
fwd 0 1591350895.8334749 0.3564608097076416
bwd 0 1591350896.1901345 0.08677887916564941
recvacts 0 1591350896.277385 7.152557373046875e-07
fwd 0 1591350896.277397 0.057292938232421875
bwd 0 1591350896.334805 0.08022212982177734
recvacts 0 1591350896.4155445 7.152557373046875e-07
fwd 0 1591350896.4155562 0.054350852966308594
bwd 0 1591350896.4700017 0.07951998710632324
recvacts 0 1591350896.5500362 4.76837158203125e-07
fwd 0 1591350896.5500464 0.053966522216796875
bwd 0 1591350896.6041062 0.07926583290100098
recvacts 0 1591350896.6838262 4.76837158203125e-07
fwd 0 1591350896.683836 0.05396628379821777
bwd 0 1591350896.7378879 0.07961249351501465
recvacts 0 1591350896.8179781 2.384185791015625e-07
fwd 0 1591350896.817988 0.053946733474731445
bwd 0 1591350896.8720205 0.07952189445495605
recvacts 0 1591350896.9519732 2.384185791015625e-07
fwd 0 1591350896.9519823 0.05414295196533203
bwd 0 1591350897.0062103 0.07945513725280762
recvacts 0 1591350897.0862188 7.152557373046875e-07
fwd 0 1591350897.0862288 0.05390214920043945
bwd 0 1591350897.1402192 0.07923555374145508
recvacts 0 1591350897.2200308 4.76837158203125e-07
fwd 0 1591350897.220041 0.053856611251831055
bwd 0 1591350897.273983 0.07912182807922363
recvacts 0 1591350897.3536167 4.76837158203125e-07
fwd 0 1591350897.3536258 0.05388331413269043
bwd 0 1591350897.4075983 0.07916593551635742
recvacts 0 1591350897.487254 4.76837158203125e-07
fwd 0 1591350897.487263 0.053879737854003906
bwd 0 1591350897.541228 0.07905435562133789
recvacts 0 1591350897.6207998 4.76837158203125e-07
fwd 0 1591350897.620809 0.05376696586608887
bwd 0 1591350897.6746633 0.07910943031311035
recvacts 0 1591350897.754267 4.76837158203125e-07
fwd 0 1591350897.754276 0.05390214920043945
bwd 0 1591350897.8082764 0.07908391952514648
recvacts 0 1591350897.887881 4.76837158203125e-07
fwd 0 1591350897.8878899 0.0537874698638916
bwd 0 1591350897.941771 0.07930111885070801
recvacts 0 1591350898.021571 7.152557373046875e-07
fwd 0 1591350898.0215797 0.053817033767700195
bwd 0 1591350898.0754826 0.07917547225952148
recvacts 0 1591350898.1552022 4.76837158203125e-07
fwd 0 1591350898.1552117 0.053923606872558594
bwd 0 1591350898.2092404 0.07925558090209961
recvacts 0 1591350898.289018 9.5367431640625e-07
fwd 0 1591350898.2890282 0.05404829978942871
bwd 0 1591350898.343174 0.07920646667480469
recvacts 0 1591350898.4228942 9.5367431640625e-07
fwd 0 1591350898.422904 0.05394768714904785
bwd 0 1591350898.4769757 0.07961773872375488
recvacts 0 1591350898.5571342 7.152557373046875e-07
fwd 0 1591350898.5571454 0.053964853286743164
bwd 0 1591350898.6112046 0.07964015007019043
recvacts 0 1591350898.6913433 7.152557373046875e-07
fwd 0 1591350898.6913555 0.05437302589416504
bwd 0 1591350898.745862 0.0802605152130127
recvacts 0 1591350898.8266823 7.152557373046875e-07
fwd 0 1591350898.8266935 0.05406594276428223
bwd 0 1591350898.8808565 0.0794379711151123
recvacts 0 1591350898.960778 7.152557373046875e-07
fwd 0 1591350898.9607885 0.053910255432128906
bwd 0 1591350899.0147932 0.07973718643188477
recvacts 0 1591350899.0950053 7.152557373046875e-07
fwd 0 1591350899.0950158 0.05392932891845703
bwd 0 1591350899.1490355 0.07943511009216309
recvacts 0 1591350899.2289956 7.152557373046875e-07
fwd 0 1591350899.2290068 0.05401206016540527
bwd 0 1591350899.283112 0.07988691329956055
recvacts 0 1591350899.3635468 4.76837158203125e-07
fwd 0 1591350899.3635592 0.053975582122802734
bwd 0 1591350899.417628 0.07960867881774902
recvacts 0 1591350899.4977343 7.152557373046875e-07
fwd 0 1591350899.4977465 0.0540769100189209
bwd 0 1591350899.5519269 0.07952046394348145
recvacts 0 1591350899.6319523 9.5367431640625e-07
fwd 0 1591350899.631965 0.05408358573913574
bwd 0 1591350899.6861377 0.07919812202453613
recvacts 0 1591350899.7659128 7.152557373046875e-07
fwd 0 1591350899.7659237 0.05381155014038086
bwd 0 1591350899.8198204 0.07918405532836914
recvacts 0 1591350899.89945 4.76837158203125e-07
fwd 0 1591350899.89946 0.05388188362121582
bwd 0 1591350899.9534273 0.07907557487487793
recvacts 0 1591350900.0330677 4.76837158203125e-07
fwd 0 1591350900.0330775 0.05384063720703125
bwd 0 1591350900.0870042 0.07913064956665039
recvacts 0 1591350900.1667943 4.76837158203125e-07
fwd 0 1591350900.1668057 0.05390334129333496
bwd 0 1591350900.2208037 0.07908916473388672
recvacts 0 1591350900.3004243 7.152557373046875e-07
fwd 0 1591350900.3004334 0.053871870040893555
bwd 0 1591350900.3544042 0.07906198501586914
SYNC! all_reduce 163109376 1591350900.4348395 0.29294562339782715
overflow sync 1591350900.728053 0.0
SYNC! all-reduce time 1.0238842964172363

BATCH END 1591350895.8334086 5.624459505081177

start time 1591350901.4750552
recvacts 0 1591350901.475146 4.76837158203125e-07
fwd 0 1591350901.4751563 0.05413341522216797
bwd 0 1591350901.5294046 0.07916951179504395
recvacts 0 1591350901.6090927 7.152557373046875e-07
fwd 0 1591350901.609104 0.05394697189331055
bwd 0 1591350901.66314 0.0791940689086914
recvacts 0 1591350901.7428458 4.76837158203125e-07
fwd 0 1591350901.7428546 0.05380988121032715
bwd 0 1591350901.796752 0.07910847663879395
recvacts 0 1591350901.8772779 7.152557373046875e-07
fwd 0 1591350901.8772893 0.05395007133483887
bwd 0 1591350901.9313254 0.0792684555053711
recvacts 0 1591350902.0111027 4.76837158203125e-07
fwd 0 1591350902.0111117 0.05381345748901367
bwd 0 1591350902.065012 0.07908368110656738
recvacts 0 1591350902.1448686 7.152557373046875e-07
fwd 0 1591350902.1448793 0.05378127098083496
bwd 0 1591350902.1987448 0.07909965515136719
recvacts 0 1591350902.278352 7.152557373046875e-07
fwd 0 1591350902.2783606 0.053812503814697266
bwd 0 1591350902.3322783 0.0791006088256836
recvacts 0 1591350902.4118917 4.76837158203125e-07
fwd 0 1591350902.4119008 0.054288387298583984
bwd 0 1591350902.4663863 0.07957172393798828
recvacts 0 1591350902.5465033 7.152557373046875e-07
fwd 0 1591350902.5465157 0.05420255661010742
bwd 0 1591350902.6008108 0.07912659645080566
recvacts 0 1591350902.6805077 4.76837158203125e-07
fwd 0 1591350902.6805174 0.05393815040588379
bwd 0 1591350902.73456 0.07930421829223633
recvacts 0 1591350902.8143928 4.76837158203125e-07
fwd 0 1591350902.814403 0.053847551345825195
bwd 0 1591350902.8686361 0.07921123504638672
recvacts 0 1591350902.948361 7.152557373046875e-07
fwd 0 1591350902.9483707 0.05434417724609375
bwd 0 1591350903.002819 0.07947134971618652
recvacts 0 1591350903.082801 4.76837158203125e-07
fwd 0 1591350903.0828104 0.05398225784301758
bwd 0 1591350903.13688 0.0794374942779541
recvacts 0 1591350903.2168136 4.76837158203125e-07
fwd 0 1591350903.2168238 0.053913116455078125
bwd 0 1591350903.270825 0.0792398452758789
recvacts 0 1591350903.3506114 7.152557373046875e-07
fwd 0 1591350903.3506212 0.05392289161682129
bwd 0 1591350903.4046311 0.07911181449890137
recvacts 0 1591350903.4842854 7.152557373046875e-07
fwd 0 1591350903.4842954 0.05383563041687012
bwd 0 1591350903.5382197 0.08032369613647461
recvacts 0 1591350903.6190746 4.76837158203125e-07
fwd 0 1591350903.6190844 0.05391716957092285
bwd 0 1591350903.6730883 0.07916259765625
recvacts 0 1591350903.752749 7.152557373046875e-07
fwd 0 1591350903.7527583 0.0538182258605957
bwd 0 1591350903.8066626 0.07914566993713379
recvacts 0 1591350903.8863301 7.152557373046875e-07
fwd 0 1591350903.8863394 0.053823232650756836
bwd 0 1591350903.940267 0.07952046394348145
recvacts 0 1591350904.0203226 4.76837158203125e-07
fwd 0 1591350904.0203326 0.053930044174194336
bwd 0 1591350904.0743492 0.07910394668579102
recvacts 0 1591350904.1540377 2.384185791015625e-07
fwd 0 1591350904.1540473 0.05386543273925781
bwd 0 1591350904.207998 0.07913923263549805
recvacts 0 1591350904.2876642 4.76837158203125e-07
fwd 0 1591350904.2876732 0.05395174026489258
bwd 0 1591350904.3417149 0.07924056053161621
recvacts 0 1591350904.4214854 4.76837158203125e-07
fwd 0 1591350904.421512 0.05389118194580078
bwd 0 1591350904.4755044 0.07924032211303711
recvacts 0 1591350904.5552697 2.384185791015625e-07
fwd 0 1591350904.5552788 0.05413198471069336
bwd 0 1591350904.6095147 0.07958126068115234
recvacts 0 1591350904.6896584 9.5367431640625e-07
fwd 0 1591350904.6896696 0.054137229919433594
bwd 0 1591350904.7439046 0.08072113990783691
recvacts 0 1591350904.8252153 9.5367431640625e-07
fwd 0 1591350904.8252265 0.05412006378173828
bwd 0 1591350904.879445 0.07947325706481934
recvacts 0 1591350904.9594934 7.152557373046875e-07
fwd 0 1591350904.9595041 0.054070234298706055
bwd 0 1591350905.0136638 0.07959151268005371
recvacts 0 1591350905.0937624 4.76837158203125e-07
fwd 0 1591350905.0937726 0.05387139320373535
bwd 0 1591350905.1477304 0.08011937141418457
recvacts 0 1591350905.2283957 4.76837158203125e-07
fwd 0 1591350905.2284055 0.05387568473815918
bwd 0 1591350905.2823694 0.07911062240600586
recvacts 0 1591350905.3619988 4.76837158203125e-07
fwd 0 1591350905.3620095 0.053880929946899414
bwd 0 1591350905.4159749 0.07909250259399414
recvacts 0 1591350905.4955807 4.76837158203125e-07
fwd 0 1591350905.4955897 0.05388379096984863
bwd 0 1591350905.5495574 0.07913970947265625
recvacts 0 1591350905.629218 4.76837158203125e-07
fwd 0 1591350905.6292272 0.053948163986206055
bwd 0 1591350905.6832614 0.0812234878540039
SYNC! all_reduce 163109376 1591350905.7660224 0.00020813941955566406
overflow sync 1591350905.7663276 2.384185791015625e-07
SYNC! all-reduce time 0.5720629692077637

BATCH END 1591350901.475124 4.862012147903442

start time 1591350906.3550665
recvacts 0 1591350906.3551674 2.384185791015625e-07
fwd 0 1591350906.3551776 0.054062843322753906
bwd 0 1591350906.409334 0.07912182807922363
recvacts 0 1591350906.488965 9.5367431640625e-07
fwd 0 1591350906.4889753 0.054128170013427734
bwd 0 1591350906.543197 0.07933664321899414
recvacts 0 1591350906.6230733 7.152557373046875e-07
fwd 0 1591350906.6230838 0.05400705337524414
bwd 0 1591350906.677183 0.07922673225402832
recvacts 0 1591350906.7569728 9.5367431640625e-07
fwd 0 1591350906.7569842 0.05404496192932129
bwd 0 1591350906.8111203 0.07933306694030762
recvacts 0 1591350906.8909965 4.76837158203125e-07
fwd 0 1591350906.891007 0.053934335708618164
bwd 0 1591350906.9450326 0.07959103584289551
recvacts 0 1591350907.0251698 1.1920928955078125e-06
fwd 0 1591350907.0251813 0.05410170555114746
bwd 0 1591350907.0793848 0.07941269874572754
recvacts 0 1591350907.159334 4.76837158203125e-07
fwd 0 1591350907.159343 0.053748369216918945
bwd 0 1591350907.2131763 0.07937908172607422
recvacts 0 1591350907.293079 4.76837158203125e-07
fwd 0 1591350907.293088 0.053881168365478516
bwd 0 1591350907.3470554 0.07916259765625
recvacts 0 1591350907.4267194 2.384185791015625e-07
fwd 0 1591350907.4267287 0.05392861366271973
bwd 0 1591350907.4807465 0.0794064998626709
recvacts 0 1591350907.5606942 4.76837158203125e-07
fwd 0 1591350907.5607045 0.054006338119506836
bwd 0 1591350907.614801 0.07927584648132324
recvacts 0 1591350907.6945949 4.76837158203125e-07
fwd 0 1591350907.6946049 0.05389904975891113
bwd 0 1591350907.7485893 0.07912516593933105
recvacts 0 1591350907.82832 4.76837158203125e-07
fwd 0 1591350907.8283298 0.05559062957763672
bwd 0 1591350907.884078 0.08015251159667969
recvacts 0 1591350907.9648018 7.152557373046875e-07
fwd 0 1591350907.964812 0.05479741096496582
bwd 0 1591350908.0196998 0.07929301261901855
recvacts 0 1591350908.099492 7.152557373046875e-07
fwd 0 1591350908.0995018 0.05387425422668457
bwd 0 1591350908.1534767 0.07918739318847656
recvacts 0 1591350908.2331913 4.76837158203125e-07
fwd 0 1591350908.2332 0.05385327339172363
bwd 0 1591350908.2871406 0.0790414810180664
recvacts 0 1591350908.3667192 4.76837158203125e-07
fwd 0 1591350908.3667288 0.05395007133483887
bwd 0 1591350908.4207785 0.07955145835876465
recvacts 0 1591350908.5008838 9.5367431640625e-07
fwd 0 1591350908.5008953 0.05409741401672363
bwd 0 1591350908.555087 0.07936477661132812
recvacts 0 1591350908.635006 9.5367431640625e-07
fwd 0 1591350908.6350174 0.05405473709106445
bwd 0 1591350908.6891723 0.07954072952270508
recvacts 0 1591350908.7692459 1.1920928955078125e-06
fwd 0 1591350908.769257 0.054054975509643555
bwd 0 1591350908.8234265 0.07950615882873535
recvacts 0 1591350908.903475 7.152557373046875e-07
fwd 0 1591350908.9034853 0.05407118797302246
bwd 0 1591350908.957646 0.07934021949768066
recvacts 0 1591350909.0375342 7.152557373046875e-07
fwd 0 1591350909.0375443 0.05398988723754883
bwd 0 1591350909.0916224 0.08105230331420898
recvacts 0 1591350909.1731858 4.76837158203125e-07
fwd 0 1591350909.1731951 0.05391716957092285
bwd 0 1591350909.2271996 0.0791935920715332
recvacts 0 1591350909.3068821 4.76837158203125e-07
fwd 0 1591350909.3068914 0.053961753845214844
bwd 0 1591350909.3609421 0.07909131050109863
recvacts 0 1591350909.4406452 7.152557373046875e-07
fwd 0 1591350909.4406545 0.05635428428649902
bwd 0 1591350909.497117 0.07976531982421875
recvacts 0 1591350909.5774288 4.76837158203125e-07
fwd 0 1591350909.577439 0.0539853572845459
bwd 0 1591350909.6315382 0.07935714721679688
recvacts 0 1591350909.7114496 4.76837158203125e-07
fwd 0 1591350909.7114608 0.053974151611328125
bwd 0 1591350909.7655227 0.07902336120605469
recvacts 0 1591350909.8450546 9.5367431640625e-07
fwd 0 1591350909.8450637 0.053819894790649414
bwd 0 1591350909.8989706 0.07906079292297363
recvacts 0 1591350909.9785674 4.76837158203125e-07
fwd 0 1591350909.9785767 0.05386042594909668
bwd 0 1591350910.0325308 0.07904982566833496
recvacts 0 1591350910.1121032 4.76837158203125e-07
fwd 0 1591350910.1121125 0.053846120834350586
bwd 0 1591350910.166046 0.07906770706176758
recvacts 0 1591350910.2456334 4.76837158203125e-07
fwd 0 1591350910.2456434 0.05398416519165039
bwd 0 1591350910.2997289 0.0796513557434082
recvacts 0 1591350910.3798933 9.5367431640625e-07
fwd 0 1591350910.3799045 0.0540926456451416
bwd 0 1591350910.4340842 0.08126330375671387
recvacts 0 1591350910.515987 4.76837158203125e-07
fwd 0 1591350910.5159972 0.05388903617858887
bwd 0 1591350910.569987 0.07967138290405273
SYNC! all_reduce 163109376 1591350910.6511962 0.00016117095947265625
overflow sync 1591350910.6514556 4.76837158203125e-07
SYNC! all-reduce time 0.5615899562835693

BATCH END 1591350906.3551457 4.856736183166504

start time 1591461689.757629
recvacts 0 1591461689.7577968 7.152557373046875e-07
fwd 0 1591461689.7578087 0.37375307083129883
bwd 0 1591461690.1317024 0.086334228515625
recvacts 0 1591461690.2183547 4.76837158203125e-07
fwd 0 1591461690.2183838 0.05658841133117676
bwd 0 1591461690.2750692 0.07947492599487305
recvacts 0 1591461690.3547723 4.76837158203125e-07
fwd 0 1591461690.3547814 0.054047346115112305
bwd 0 1591461690.4089162 0.0794062614440918
recvacts 0 1591461690.4885578 7.152557373046875e-07
fwd 0 1591461690.488567 0.05403494834899902
bwd 0 1591461690.5426867 0.07891511917114258
recvacts 0 1591461690.6218328 7.152557373046875e-07
fwd 0 1591461690.6218414 0.05379533767700195
bwd 0 1591461690.6757205 0.07887887954711914
recvacts 0 1591461690.7548265 4.76837158203125e-07
fwd 0 1591461690.7548356 0.053810834884643555
bwd 0 1591461690.8087313 0.07916426658630371
recvacts 0 1591461690.8881395 4.76837158203125e-07
fwd 0 1591461690.8881488 0.05396246910095215
bwd 0 1591461690.942199 0.07901358604431152
recvacts 0 1591461691.0214992 4.76837158203125e-07
fwd 0 1591461691.0215108 0.054190874099731445
bwd 0 1591461691.0757883 0.07925963401794434
recvacts 0 1591461691.155278 9.5367431640625e-07
fwd 0 1591461691.1552877 0.05379915237426758
bwd 0 1591461691.2091715 0.07890963554382324
recvacts 0 1591461691.288365 4.76837158203125e-07
fwd 0 1591461691.288374 0.05388903617858887
bwd 0 1591461691.3423567 0.07917666435241699
recvacts 0 1591461691.4217842 4.76837158203125e-07
fwd 0 1591461691.4217944 0.05388998985290527
bwd 0 1591461691.4757686 0.07891106605529785
recvacts 0 1591461691.5549128 2.384185791015625e-07
fwd 0 1591461691.5549216 0.0538330078125
bwd 0 1591461691.6088421 0.07894635200500488
recvacts 0 1591461691.6880698 4.76837158203125e-07
fwd 0 1591461691.68808 0.05389547348022461
bwd 0 1591461691.7420635 0.07896900177001953
recvacts 0 1591461691.821283 4.76837158203125e-07
fwd 0 1591461691.8212929 0.05396318435668945
bwd 0 1591461691.8753495 0.07903671264648438
recvacts 0 1591461691.9546301 4.76837158203125e-07
fwd 0 1591461691.95464 0.053812503814697266
bwd 0 1591461692.0085397 0.07904458045959473
recvacts 0 1591461692.0878434 7.152557373046875e-07
fwd 0 1591461692.087853 0.05394315719604492
bwd 0 1591461692.1418805 0.07925653457641602
recvacts 0 1591461692.221478 9.5367431640625e-07
fwd 0 1591461692.2214932 0.0540773868560791
bwd 0 1591461692.2756724 0.07929158210754395
recvacts 0 1591461692.35526 4.76837158203125e-07
fwd 0 1591461692.3552706 0.05383014678955078
bwd 0 1591461692.4091864 0.07889270782470703
recvacts 0 1591461692.4883218 4.76837158203125e-07
fwd 0 1591461692.4883313 0.05406498908996582
bwd 0 1591461692.5424826 0.07900404930114746
recvacts 0 1591461692.6217272 4.76837158203125e-07
fwd 0 1591461692.621737 0.05386519432067871
bwd 0 1591461692.675686 0.07892894744873047
recvacts 0 1591461692.754844 2.384185791015625e-07
fwd 0 1591461692.7548525 0.053821563720703125
bwd 0 1591461692.8087575 0.07894182205200195
recvacts 0 1591461692.8879578 4.76837158203125e-07
fwd 0 1591461692.8879673 0.05391192436218262
bwd 0 1591461692.9424872 0.08010721206665039
recvacts 0 1591461693.0228293 4.76837158203125e-07
fwd 0 1591461693.0228384 0.05377626419067383
bwd 0 1591461693.0767033 0.07902407646179199
recvacts 0 1591461693.1559956 7.152557373046875e-07
fwd 0 1591461693.1560056 0.05391573905944824
bwd 0 1591461693.2100081 0.07887077331542969
recvacts 0 1591461693.2891312 7.152557373046875e-07
fwd 0 1591461693.2891407 0.05386543273925781
bwd 0 1591461693.3430939 0.07902789115905762
recvacts 0 1591461693.4223597 7.152557373046875e-07
fwd 0 1591461693.4223688 0.0538945198059082
bwd 0 1591461693.4763496 0.07894420623779297
recvacts 0 1591461693.5555305 4.76837158203125e-07
fwd 0 1591461693.55554 0.0539093017578125
bwd 0 1591461693.609536 0.07903671264648438
recvacts 0 1591461693.688848 7.152557373046875e-07
fwd 0 1591461693.6888583 0.05402970314025879
bwd 0 1591461693.7429838 0.07907462120056152
recvacts 0 1591461693.8223038 4.76837158203125e-07
fwd 0 1591461693.8223135 0.053887128829956055
bwd 0 1591461693.8762941 0.07889866828918457
recvacts 0 1591461693.9554217 4.76837158203125e-07
fwd 0 1591461693.9554312 0.053761959075927734
bwd 0 1591461694.0092769 0.07900428771972656
recvacts 0 1591461694.0885203 2.384185791015625e-07
fwd 0 1591461694.0885289 0.053818702697753906
bwd 0 1591461694.142432 0.07892179489135742
recvacts 0 1591461694.2215874 4.76837158203125e-07
fwd 0 1591461694.2215962 0.053760528564453125
bwd 0 1591461694.2754395 0.07897233963012695
SYNC! all_reduce 163109376 1591461694.3554437 0.7829115390777588
overflow sync 1591461695.1385162 2.384185791015625e-07
SYNC! all-reduce time 1.5980355739593506

BATCH END 1591461689.757759 6.194958925247192

start time 1591461695.9777353
recvacts 0 1591461695.977843 4.76837158203125e-07
fwd 0 1591461695.977854 0.05450916290283203
bwd 0 1591461696.0324996 0.0794820785522461
recvacts 0 1591461696.112272 4.76837158203125e-07
fwd 0 1591461696.1122844 0.05405926704406738
bwd 0 1591461696.1664455 0.07903289794921875
recvacts 0 1591461696.2457173 4.76837158203125e-07
fwd 0 1591461696.2457275 0.05403923988342285
bwd 0 1591461696.2998767 0.0789802074432373
recvacts 0 1591461696.3791032 4.76837158203125e-07
fwd 0 1591461696.3791125 0.053975582122802734
bwd 0 1591461696.4331748 0.07889366149902344
recvacts 0 1591461696.5123768 4.76837158203125e-07
fwd 0 1591461696.5123868 0.053902387619018555
bwd 0 1591461696.5663807 0.07892251014709473
recvacts 0 1591461696.645552 4.76837158203125e-07
fwd 0 1591461696.6455617 0.05382251739501953
bwd 0 1591461696.699476 0.07900166511535645
recvacts 0 1591461696.77872 7.152557373046875e-07
fwd 0 1591461696.7787292 0.054277658462524414
bwd 0 1591461696.8331122 0.07895708084106445
recvacts 0 1591461696.9123268 7.152557373046875e-07
fwd 0 1591461696.9123363 0.05386805534362793
bwd 0 1591461696.9663022 0.07896995544433594
recvacts 0 1591461697.045518 7.152557373046875e-07
fwd 0 1591461697.0455275 0.05401897430419922
bwd 0 1591461697.0996351 0.07902193069458008
recvacts 0 1591461697.1789184 7.152557373046875e-07
fwd 0 1591461697.178928 0.053813934326171875
bwd 0 1591461697.232841 0.07892656326293945
recvacts 0 1591461697.312012 2.384185791015625e-07
fwd 0 1591461697.3120213 0.05412888526916504
bwd 0 1591461697.3662753 0.07916545867919922
recvacts 0 1591461697.4457016 4.76837158203125e-07
fwd 0 1591461697.4457126 0.05392622947692871
bwd 0 1591461697.4997256 0.07893896102905273
recvacts 0 1591461697.5789258 4.76837158203125e-07
fwd 0 1591461697.5789354 0.05392098426818848
bwd 0 1591461697.6329446 0.07886767387390137
recvacts 0 1591461697.712095 4.76837158203125e-07
fwd 0 1591461697.7121046 0.054236412048339844
bwd 0 1591461697.7664347 0.07895350456237793
recvacts 0 1591461697.8456497 4.76837158203125e-07
fwd 0 1591461697.8456597 0.054233551025390625
bwd 0 1591461697.900004 0.07925748825073242
recvacts 0 1591461697.9795551 4.76837158203125e-07
fwd 0 1591461697.979566 0.054026126861572266
bwd 0 1591461698.033692 0.07892084121704102
recvacts 0 1591461698.112902 7.152557373046875e-07
fwd 0 1591461698.112912 0.054068565368652344
bwd 0 1591461698.1670792 0.07904338836669922
recvacts 0 1591461698.2463663 7.152557373046875e-07
fwd 0 1591461698.2463763 0.05425524711608887
bwd 0 1591461698.3007586 0.07911181449890137
recvacts 0 1591461698.3801138 9.5367431640625e-07
fwd 0 1591461698.3801239 0.05410003662109375
bwd 0 1591461698.4343219 0.07905173301696777
recvacts 0 1591461698.5136611 7.152557373046875e-07
fwd 0 1591461698.5136724 0.05406951904296875
bwd 0 1591461698.5678437 0.07906818389892578
recvacts 0 1591461698.6471593 4.76837158203125e-07
fwd 0 1591461698.6471698 0.05400848388671875
bwd 0 1591461698.7012753 0.07895755767822266
recvacts 0 1591461698.7804894 4.76837158203125e-07
fwd 0 1591461698.7804992 0.05399370193481445
bwd 0 1591461698.8345945 0.07895207405090332
recvacts 0 1591461698.9137905 7.152557373046875e-07
fwd 0 1591461698.9138 0.05392169952392578
bwd 0 1591461698.9678187 0.07896041870117188
recvacts 0 1591461699.0470204 7.152557373046875e-07
fwd 0 1591461699.04703 0.05426454544067383
bwd 0 1591461699.1013968 0.07947468757629395
recvacts 0 1591461699.1811218 4.76837158203125e-07
fwd 0 1591461699.1811323 0.054068803787231445
bwd 0 1591461699.2352986 0.07897472381591797
recvacts 0 1591461699.314513 4.76837158203125e-07
fwd 0 1591461699.3145225 0.05476832389831543
bwd 0 1591461699.3693888 0.07966804504394531
recvacts 0 1591461699.4493005 4.76837158203125e-07
fwd 0 1591461699.4493105 0.05402970314025879
bwd 0 1591461699.5034266 0.07918787002563477
recvacts 0 1591461699.5829124 9.5367431640625e-07
fwd 0 1591461699.582923 0.05407357215881348
bwd 0 1591461699.6370854 0.07902884483337402
recvacts 0 1591461699.7163765 7.152557373046875e-07
fwd 0 1591461699.716387 0.05404162406921387
bwd 0 1591461699.7705276 0.07890796661376953
recvacts 0 1591461699.8496926 7.152557373046875e-07
fwd 0 1591461699.8497047 0.053990840911865234
bwd 0 1591461699.9037848 0.07897758483886719
recvacts 0 1591461699.983 4.76837158203125e-07
fwd 0 1591461699.9830093 0.05391192436218262
bwd 0 1591461700.0370162 0.07898163795471191
recvacts 0 1591461700.1162584 4.76837158203125e-07
fwd 0 1591461700.116268 0.054222822189331055
bwd 0 1591461700.1705775 0.08083701133728027
SYNC! all_reduce 163109376 1591461700.2533925 0.0003075599670410156
overflow sync 1591461700.2537942 0.0
SYNC! all-reduce time 0.6147732734680176

BATCH END 1591461695.977821 4.88870096206665

start time 1591461700.8832068
recvacts 0 1591461700.8832989 4.76837158203125e-07
fwd 0 1591461700.88331 0.05404829978942871
bwd 0 1591461700.93745 0.0789637565612793
recvacts 0 1591461701.0166588 4.76837158203125e-07
fwd 0 1591461701.016669 0.053859710693359375
bwd 0 1591461701.0706186 0.07896757125854492
recvacts 0 1591461701.149824 2.384185791015625e-07
fwd 0 1591461701.149833 0.053850412368774414
bwd 0 1591461701.203772 0.07889914512634277
recvacts 0 1591461701.2829094 7.152557373046875e-07
fwd 0 1591461701.2829187 0.05397343635559082
bwd 0 1591461701.3369832 0.07896113395690918
recvacts 0 1591461701.4162297 4.76837158203125e-07
fwd 0 1591461701.4162576 0.05396318435668945
bwd 0 1591461701.4703078 0.07891559600830078
recvacts 0 1591461701.5494711 7.152557373046875e-07
fwd 0 1591461701.549481 0.0538792610168457
bwd 0 1591461701.6034594 0.07902836799621582
recvacts 0 1591461701.6828175 4.76837158203125e-07
fwd 0 1591461701.6828277 0.05390334129333496
bwd 0 1591461701.7368188 0.07889842987060547
recvacts 0 1591461701.815959 4.76837158203125e-07
fwd 0 1591461701.815968 0.05389547348022461
bwd 0 1591461701.8699484 0.07888221740722656
recvacts 0 1591461701.9491575 4.76837158203125e-07
fwd 0 1591461701.949168 0.05386662483215332
bwd 0 1591461702.0031219 0.07911825180053711
recvacts 0 1591461702.0825005 7.152557373046875e-07
fwd 0 1591461702.0825107 0.054270267486572266
bwd 0 1591461702.1368675 0.07906556129455566
recvacts 0 1591461702.2161942 4.76837158203125e-07
fwd 0 1591461702.216204 0.05473184585571289
bwd 0 1591461702.2710283 0.07894587516784668
recvacts 0 1591461702.350226 2.384185791015625e-07
fwd 0 1591461702.3502355 0.05389213562011719
bwd 0 1591461702.40428 0.07893586158752441
recvacts 0 1591461702.4834533 4.76837158203125e-07
fwd 0 1591461702.4834623 0.05386209487915039
bwd 0 1591461702.5374126 0.07899117469787598
recvacts 0 1591461702.6166537 4.76837158203125e-07
fwd 0 1591461702.6166637 0.05401897430419922
bwd 0 1591461702.6707797 0.07901787757873535
recvacts 0 1591461702.7500389 4.76837158203125e-07
fwd 0 1591461702.7500489 0.05395030975341797
bwd 0 1591461702.804095 0.07898354530334473
recvacts 0 1591461702.8833165 4.76837158203125e-07
fwd 0 1591461702.8833268 0.05401349067687988
bwd 0 1591461702.9374375 0.07892870903015137
recvacts 0 1591461703.0166087 7.152557373046875e-07
fwd 0 1591461703.0166185 0.054058074951171875
bwd 0 1591461703.0707738 0.07894682884216309
recvacts 0 1591461703.149965 4.76837158203125e-07
fwd 0 1591461703.149975 0.05394864082336426
bwd 0 1591461703.2040215 0.07905340194702148
recvacts 0 1591461703.2833188 4.76837158203125e-07
fwd 0 1591461703.2833288 0.05406785011291504
bwd 0 1591461703.3374932 0.07895231246948242
recvacts 0 1591461703.416687 7.152557373046875e-07
fwd 0 1591461703.4166973 0.05410456657409668
bwd 0 1591461703.4708982 0.07896590232849121
recvacts 0 1591461703.5501077 4.76837158203125e-07
fwd 0 1591461703.5501175 0.054193735122680664
bwd 0 1591461703.60444 0.07913088798522949
recvacts 0 1591461703.683835 9.5367431640625e-07
fwd 0 1591461703.683847 0.054208993911743164
bwd 0 1591461703.7381535 0.0789341926574707
recvacts 0 1591461703.8173301 4.76837158203125e-07
fwd 0 1591461703.8173401 0.05402350425720215
bwd 0 1591461703.8714533 0.07903194427490234
recvacts 0 1591461703.9507558 4.76837158203125e-07
fwd 0 1591461703.9507663 0.05407261848449707
bwd 0 1591461704.0049398 0.07899928092956543
recvacts 0 1591461704.0842295 4.76837158203125e-07
fwd 0 1591461704.0842566 0.053993940353393555
bwd 0 1591461704.1383471 0.07893776893615723
recvacts 0 1591461704.2175224 4.76837158203125e-07
fwd 0 1591461704.2175324 0.05407261848449707
bwd 0 1591461704.2716932 0.07892012596130371
recvacts 0 1591461704.3508615 4.76837158203125e-07
fwd 0 1591461704.3508716 0.05401206016540527
bwd 0 1591461704.4049876 0.07895517349243164
recvacts 0 1591461704.4841785 4.76837158203125e-07
fwd 0 1591461704.484188 0.056349992752075195
bwd 0 1591461704.5406325 0.08000063896179199
recvacts 0 1591461704.6208885 7.152557373046875e-07
fwd 0 1591461704.6208982 0.05405831336975098
bwd 0 1591461704.6750534 0.07942032814025879
recvacts 0 1591461704.754728 7.152557373046875e-07
fwd 0 1591461704.7547386 0.054048776626586914
bwd 0 1591461704.8088834 0.0790243148803711
recvacts 0 1591461704.8881457 7.152557373046875e-07
fwd 0 1591461704.8881555 0.054085731506347656
bwd 0 1591461704.9423378 0.07893180847167969
recvacts 0 1591461705.0215065 4.76837158203125e-07
fwd 0 1591461705.0215316 0.054021358489990234
bwd 0 1591461705.075654 0.0841972827911377
SYNC! all_reduce 163109376 1591461705.1609426 0.0001838207244873047
overflow sync 1591461705.1612291 2.384185791015625e-07
SYNC! all-reduce time 0.5886576175689697

BATCH END 1591461700.8832796 4.865545749664307

start time 1591487151.535107
recvacts 0 1591487151.5353367 4.76837158203125e-07
fwd 0 1591487151.5353572 0.3424367904663086
bwd 0 1591487151.8779457 0.08042073249816895
recvacts 0 1591487151.9586456 7.152557373046875e-07
fwd 0 1591487151.9586568 0.053920745849609375
bwd 0 1591487152.012658 0.07915782928466797
recvacts 0 1591487152.0920603 7.152557373046875e-07
fwd 0 1591487152.0920696 0.05379295349121094
bwd 0 1591487152.1459534 0.0789794921875
recvacts 0 1591487152.225167 4.76837158203125e-07
fwd 0 1591487152.2251763 0.05380964279174805
bwd 0 1591487152.2790697 0.07924723625183105
recvacts 0 1591487152.3585448 2.384185791015625e-07
fwd 0 1591487152.358554 0.05385994911193848
bwd 0 1591487152.412498 0.07892107963562012
recvacts 0 1591487152.4916463 4.76837158203125e-07
fwd 0 1591487152.4916546 0.05386471748352051
bwd 0 1591487152.5456028 0.07899141311645508
recvacts 0 1591487152.6248298 4.76837158203125e-07
fwd 0 1591487152.6248388 0.05388212203979492
bwd 0 1591487152.6788056 0.07923626899719238
recvacts 0 1591487152.758272 2.384185791015625e-07
fwd 0 1591487152.758281 0.05382966995239258
bwd 0 1591487152.812194 0.07893943786621094
recvacts 0 1591487152.891396 4.76837158203125e-07
fwd 0 1591487152.8914058 0.053775787353515625
bwd 0 1591487152.94528 0.07885551452636719
recvacts 0 1591487153.0244377 7.152557373046875e-07
fwd 0 1591487153.0244477 0.053830862045288086
bwd 0 1591487153.0783606 0.0788877010345459
recvacts 0 1591487153.157478 4.76837158203125e-07
fwd 0 1591487153.1574872 0.05377936363220215
bwd 0 1591487153.2113478 0.07881784439086914
recvacts 0 1591487153.2904062 4.76837158203125e-07
fwd 0 1591487153.2904155 0.05377483367919922
bwd 0 1591487153.344394 0.07879447937011719
recvacts 0 1591487153.4234524 4.76837158203125e-07
fwd 0 1591487153.4234614 0.05377197265625
bwd 0 1591487153.477322 0.07876300811767578
recvacts 0 1591487153.556357 2.384185791015625e-07
fwd 0 1591487153.5563655 0.05375528335571289
bwd 0 1591487153.6102195 0.07876467704772949
recvacts 0 1591487153.6892548 4.76837158203125e-07
fwd 0 1591487153.6892638 0.05388784408569336
bwd 0 1591487153.7432659 0.07914614677429199
recvacts 0 1591487153.8226779 4.76837158203125e-07
fwd 0 1591487153.8226876 0.053910017013549805
bwd 0 1591487153.876683 0.07891464233398438
recvacts 0 1591487153.9558842 4.76837158203125e-07
fwd 0 1591487153.9558938 0.053809404373168945
bwd 0 1591487154.009787 0.0788266658782959
recvacts 0 1591487154.0888417 4.76837158203125e-07
fwd 0 1591487154.088851 0.05374956130981445
bwd 0 1591487154.1426823 0.07884645462036133
recvacts 0 1591487154.221762 4.76837158203125e-07
fwd 0 1591487154.2217705 0.05373263359069824
bwd 0 1591487154.275584 0.07880997657775879
recvacts 0 1591487154.35462 4.76837158203125e-07
fwd 0 1591487154.3546293 0.05377459526062012
bwd 0 1591487154.408487 0.0788123607635498
recvacts 0 1591487154.4875267 4.76837158203125e-07
fwd 0 1591487154.4875357 0.05382037162780762
bwd 0 1591487154.541437 0.07884073257446289
recvacts 0 1591487154.620508 4.76837158203125e-07
fwd 0 1591487154.6205163 0.05380392074584961
bwd 0 1591487154.6744032 0.0789332389831543
recvacts 0 1591487154.7535756 7.152557373046875e-07
fwd 0 1591487154.7535844 0.05385541915893555
bwd 0 1591487154.8075259 0.07889199256896973
recvacts 0 1591487154.8866508 2.384185791015625e-07
fwd 0 1591487154.8866596 0.05378103256225586
bwd 0 1591487154.940524 0.07881474494934082
recvacts 0 1591487155.0195718 4.76837158203125e-07
fwd 0 1591487155.0195816 0.053844451904296875
bwd 0 1591487155.0735106 0.07881379127502441
recvacts 0 1591487155.1525555 4.76837158203125e-07
fwd 0 1591487155.1525643 0.053771257400512695
bwd 0 1591487155.2064185 0.07881927490234375
recvacts 0 1591487155.2854683 4.76837158203125e-07
fwd 0 1591487155.2854774 0.05374264717102051
bwd 0 1591487155.3393054 0.07894635200500488
recvacts 0 1591487155.4184954 4.76837158203125e-07
fwd 0 1591487155.4185052 0.05377483367919922
bwd 0 1591487155.4723608 0.07889127731323242
recvacts 0 1591487155.5515006 4.76837158203125e-07
fwd 0 1591487155.5515096 0.0538792610168457
bwd 0 1591487155.6054738 0.07895851135253906
recvacts 0 1591487155.6846783 4.76837158203125e-07
fwd 0 1591487155.6846898 0.053817033767700195
bwd 0 1591487155.7385907 0.07886600494384766
recvacts 0 1591487155.8176863 4.76837158203125e-07
fwd 0 1591487155.8176951 0.05376911163330078
bwd 0 1591487155.8715453 0.07878422737121582
recvacts 0 1591487155.9505556 2.384185791015625e-07
fwd 0 1591487155.9505644 0.053740501403808594
bwd 0 1591487156.0043874 0.07890987396240234
SYNC! all_reduce 163109376 1591487156.0843284 1.1576979160308838
overflow sync 1591487157.242298 2.384185791015625e-07
SYNC! all-reduce time 1.999241828918457

BATCH END 1591487151.535294 6.547473907470703

start time 1591487158.0989635
recvacts 0 1591487158.099062 4.76837158203125e-07
fwd 0 1591487158.0990727 0.05407142639160156
bwd 0 1591487158.1532352 0.07882452011108398
recvacts 0 1591487158.2323222 9.5367431640625e-07
fwd 0 1591487158.232333 0.0538179874420166
bwd 0 1591487158.2862372 0.07897567749023438
recvacts 0 1591487158.3654482 4.76837158203125e-07
fwd 0 1591487158.3654578 0.05379033088684082
bwd 0 1591487158.4193335 0.0788431167602539
recvacts 0 1591487158.4984086 7.152557373046875e-07
fwd 0 1591487158.4984176 0.05385303497314453
bwd 0 1591487158.5523572 0.07882070541381836
recvacts 0 1591487158.6314068 4.76837158203125e-07
fwd 0 1591487158.6314158 0.05406451225280762
bwd 0 1591487158.685564 0.07886338233947754
recvacts 0 1591487158.764658 4.76837158203125e-07
fwd 0 1591487158.7646668 0.05384254455566406
bwd 0 1591487158.8185928 0.079010009765625
recvacts 0 1591487158.8978913 4.76837158203125e-07
fwd 0 1591487158.8979018 0.0538327693939209
bwd 0 1591487158.951818 0.0789644718170166
recvacts 0 1591487159.0310144 4.76837158203125e-07
fwd 0 1591487159.0310233 0.05375409126281738
bwd 0 1591487159.0848613 0.07888364791870117
recvacts 0 1591487159.1639736 4.76837158203125e-07
fwd 0 1591487159.1639829 0.054097890853881836
bwd 0 1591487159.218163 0.07885956764221191
recvacts 0 1591487159.2972517 4.76837158203125e-07
fwd 0 1591487159.2972603 0.05376696586608887
bwd 0 1591487159.3511071 0.07882046699523926
recvacts 0 1591487159.4301853 4.76837158203125e-07
fwd 0 1591487159.4301944 0.05371809005737305
bwd 0 1591487159.484016 0.07889032363891602
recvacts 0 1591487159.563154 7.152557373046875e-07
fwd 0 1591487159.563163 0.05380749702453613
bwd 0 1591487159.617071 0.07896804809570312
recvacts 0 1591487159.6962898 2.384185791015625e-07
fwd 0 1591487159.6962988 0.05403590202331543
bwd 0 1591487159.7504194 0.07906055450439453
recvacts 0 1591487159.8297231 4.76837158203125e-07
fwd 0 1591487159.8297322 0.05383038520812988
bwd 0 1591487159.8836422 0.07886028289794922
recvacts 0 1591487159.9627328 4.76837158203125e-07
fwd 0 1591487159.9627416 0.05387544631958008
bwd 0 1591487160.0166981 0.07884907722473145
recvacts 0 1591487160.0957797 7.152557373046875e-07
fwd 0 1591487160.0957885 0.05379462242126465
bwd 0 1591487160.149664 0.07887744903564453
recvacts 0 1591487160.2287724 4.76837158203125e-07
fwd 0 1591487160.2287812 0.05381417274475098
bwd 0 1591487160.2826786 0.07889318466186523
recvacts 0 1591487160.3618014 7.152557373046875e-07
fwd 0 1591487160.36181 0.05376768112182617
bwd 0 1591487160.4156601 0.07894659042358398
recvacts 0 1591487160.4948356 7.152557373046875e-07
fwd 0 1591487160.4948442 0.05371856689453125
bwd 0 1591487160.5486448 0.0789954662322998
recvacts 0 1591487160.6278768 9.5367431640625e-07
fwd 0 1591487160.627886 0.05395936965942383
bwd 0 1591487160.6819315 0.07895827293395996
recvacts 0 1591487160.7611275 4.76837158203125e-07
fwd 0 1591487160.7611365 0.0538029670715332
bwd 0 1591487160.8150485 0.0788428783416748
recvacts 0 1591487160.8941774 7.152557373046875e-07
fwd 0 1591487160.8941867 0.053775787353515625
bwd 0 1591487160.9480457 0.07883334159851074
recvacts 0 1591487161.0271256 4.76837158203125e-07
fwd 0 1591487161.027135 0.0537567138671875
bwd 0 1591487161.0809975 0.07898926734924316
recvacts 0 1591487161.1603236 4.76837158203125e-07
fwd 0 1591487161.1603343 0.053820133209228516
bwd 0 1591487161.214242 0.07892274856567383
recvacts 0 1591487161.2934024 7.152557373046875e-07
fwd 0 1591487161.2934117 0.05389142036437988
bwd 0 1591487161.3473868 0.07891488075256348
recvacts 0 1591487161.4265342 4.76837158203125e-07
fwd 0 1591487161.4265428 0.053793907165527344
bwd 0 1591487161.4804204 0.07886004447937012
recvacts 0 1591487161.5595107 4.76837158203125e-07
fwd 0 1591487161.5595195 0.053781747817993164
bwd 0 1591487161.613386 0.07904720306396484
recvacts 0 1591487161.692665 4.76837158203125e-07
fwd 0 1591487161.6926742 0.05412459373474121
bwd 0 1591487161.746882 0.0790095329284668
recvacts 0 1591487161.826125 4.76837158203125e-07
fwd 0 1591487161.826134 0.053856849670410156
bwd 0 1591487161.8800757 0.07898330688476562
recvacts 0 1591487161.9592898 4.76837158203125e-07
fwd 0 1591487161.9593127 0.053786277770996094
bwd 0 1591487162.0131807 0.0788877010345459
recvacts 0 1591487162.0923123 4.76837158203125e-07
fwd 0 1591487162.0923216 0.053743600845336914
bwd 0 1591487162.146147 0.07890892028808594
recvacts 0 1591487162.22529 4.76837158203125e-07
fwd 0 1591487162.225299 0.05394482612609863
bwd 0 1591487162.2793267 0.07884597778320312
SYNC! all_reduce 163109376 1591487162.3591037 0.00013256072998046875
overflow sync 1591487162.3593204 0.0
SYNC! all-reduce time 0.6244356632232666

BATCH END 1591487158.0990274 4.883823394775391

start time 1591487162.9985867
recvacts 0 1591487162.9986854 4.76837158203125e-07
fwd 0 1591487162.9986954 0.054223060607910156
bwd 0 1591487163.0530155 0.07909607887268066
recvacts 0 1591487163.1324656 7.152557373046875e-07
fwd 0 1591487163.1324766 0.05410146713256836
bwd 0 1591487163.1866837 0.07939386367797852
recvacts 0 1591487163.2664456 7.152557373046875e-07
fwd 0 1591487163.2664597 0.054108381271362305
bwd 0 1591487163.3206666 0.07941246032714844
recvacts 0 1591487163.4004416 7.152557373046875e-07
fwd 0 1591487163.4004521 0.05403566360473633
bwd 0 1591487163.454575 0.07893824577331543
recvacts 0 1591487163.5337865 7.152557373046875e-07
fwd 0 1591487163.5337954 0.053810834884643555
bwd 0 1591487163.5876882 0.07888031005859375
recvacts 0 1591487163.6667962 4.76837158203125e-07
fwd 0 1591487163.6668053 0.05378866195678711
bwd 0 1591487163.7206798 0.07900142669677734
recvacts 0 1591487163.79996 7.152557373046875e-07
fwd 0 1591487163.7999706 0.053910255432128906
bwd 0 1591487163.8539722 0.0789797306060791
recvacts 0 1591487163.9332104 4.76837158203125e-07
fwd 0 1591487163.9332216 0.05374956130981445
bwd 0 1591487163.987057 0.07886505126953125
recvacts 0 1591487164.0661573 4.76837158203125e-07
fwd 0 1591487164.0661674 0.05414319038391113
bwd 0 1591487164.1204054 0.07901930809020996
recvacts 0 1591487164.1996708 7.152557373046875e-07
fwd 0 1591487164.1996799 0.05392265319824219
bwd 0 1591487164.2536867 0.0789482593536377
recvacts 0 1591487164.3328931 4.76837158203125e-07
fwd 0 1591487164.3329034 0.053725481033325195
bwd 0 1591487164.386713 0.07891631126403809
recvacts 0 1591487164.4658773 4.76837158203125e-07
fwd 0 1591487164.465886 0.05374598503112793
bwd 0 1591487164.519714 0.07880496978759766
recvacts 0 1591487164.5987873 4.76837158203125e-07
fwd 0 1591487164.5987964 0.053777217864990234
bwd 0 1591487164.6526554 0.07884335517883301
recvacts 0 1591487164.7317302 4.76837158203125e-07
fwd 0 1591487164.7317388 0.05799984931945801
bwd 0 1591487164.7898266 0.07893037796020508
recvacts 0 1591487164.8690417 4.76837158203125e-07
fwd 0 1591487164.8690507 0.05373215675354004
bwd 0 1591487164.922878 0.07880806922912598
recvacts 0 1591487165.0019546 4.76837158203125e-07
fwd 0 1591487165.0019636 0.05372786521911621
bwd 0 1591487165.0557785 0.0788886547088623
recvacts 0 1591487165.1349623 7.152557373046875e-07
fwd 0 1591487165.1349714 0.05390572547912598
bwd 0 1591487165.1889687 0.0788426399230957
recvacts 0 1591487165.2680416 7.152557373046875e-07
fwd 0 1591487165.26805 0.05378007888793945
bwd 0 1591487165.3219123 0.0788266658782959
recvacts 0 1591487165.4009695 4.76837158203125e-07
fwd 0 1591487165.400978 0.05370306968688965
bwd 0 1591487165.4547646 0.07882881164550781
recvacts 0 1591487165.5338254 4.76837158203125e-07
fwd 0 1591487165.5338345 0.05379915237426758
bwd 0 1591487165.5877151 0.07894563674926758
recvacts 0 1591487165.6669092 2.384185791015625e-07
fwd 0 1591487165.666918 0.0539090633392334
bwd 0 1591487165.7209516 0.07931041717529297
recvacts 0 1591487165.8005276 2.384185791015625e-07
fwd 0 1591487165.8005407 0.05396699905395508
bwd 0 1591487165.8545964 0.0789480209350586
recvacts 0 1591487165.9337838 7.152557373046875e-07
fwd 0 1591487165.9337928 0.05380511283874512
bwd 0 1591487165.9876804 0.07891058921813965
recvacts 0 1591487166.0668228 4.76837158203125e-07
fwd 0 1591487166.0668314 0.0537564754486084
bwd 0 1591487166.1206722 0.07900428771972656
recvacts 0 1591487166.1999197 7.152557373046875e-07
fwd 0 1591487166.199929 0.05379438400268555
bwd 0 1591487166.2538466 0.07890844345092773
recvacts 0 1591487166.333017 4.76837158203125e-07
fwd 0 1591487166.3330264 0.05379152297973633
bwd 0 1591487166.3869004 0.07883095741271973
recvacts 0 1591487166.4659784 4.76837158203125e-07
fwd 0 1591487166.4659877 0.05371975898742676
bwd 0 1591487166.5198014 0.07889962196350098
recvacts 0 1591487166.5989296 4.76837158203125e-07
fwd 0 1591487166.5989385 0.05375027656555176
bwd 0 1591487166.6527708 0.07886052131652832
recvacts 0 1591487166.7318788 4.76837158203125e-07
fwd 0 1591487166.731888 0.05387067794799805
bwd 0 1591487166.785863 0.07883048057556152
recvacts 0 1591487166.864969 2.384185791015625e-07
fwd 0 1591487166.8649817 0.0540926456451416
bwd 0 1591487166.9191608 0.0789487361907959
recvacts 0 1591487166.9983559 7.152557373046875e-07
fwd 0 1591487166.998365 0.053754329681396484
bwd 0 1591487167.052215 0.07891249656677246
recvacts 0 1591487167.1313558 2.384185791015625e-07
fwd 0 1591487167.1313643 0.05381941795349121
bwd 0 1591487167.1852658 0.0788884162902832
SYNC! all_reduce 163109376 1591487167.265117 0.00012874603271484375
overflow sync 1591487167.265328 2.384185791015625e-07
SYNC! all-reduce time 0.6123223304748535

BATCH END 1591487162.9986603 4.878071546554565

start time 1591534334.5064273
recvacts 0 1591534334.5065954 4.76837158203125e-07
fwd 0 1591534334.5066147 0.37995219230651855
bwd 0 1591534334.8867154 0.08023619651794434
recvacts 0 1591534334.9671917 9.5367431640625e-07
fwd 0 1591534334.9672046 0.05399203300476074
bwd 0 1591534335.0212812 0.07906055450439453
recvacts 0 1591534335.1005821 4.76837158203125e-07
fwd 0 1591534335.1005921 0.053854942321777344
bwd 0 1591534335.1545346 0.07896614074707031
recvacts 0 1591534335.2337332 4.76837158203125e-07
fwd 0 1591534335.233742 0.053803205490112305
bwd 0 1591534335.287633 0.07891058921813965
recvacts 0 1591534335.3667765 4.76837158203125e-07
fwd 0 1591534335.366785 0.05394244194030762
bwd 0 1591534335.4208205 0.0793302059173584
recvacts 0 1591534335.5004876 9.5367431640625e-07
fwd 0 1591534335.500499 0.054137229919433594
bwd 0 1591534335.5547254 0.07899641990661621
recvacts 0 1591534335.633956 4.76837158203125e-07
fwd 0 1591534335.6339648 0.05383133888244629
bwd 0 1591534335.687881 0.07894539833068848
recvacts 0 1591534335.7670631 7.152557373046875e-07
fwd 0 1591534335.767072 0.053843021392822266
bwd 0 1591534335.8210044 0.07909154891967773
recvacts 0 1591534335.9004 4.76837158203125e-07
fwd 0 1591534335.900411 0.05395793914794922
bwd 0 1591534335.954468 0.07918429374694824
recvacts 0 1591534336.0339167 4.76837158203125e-07
fwd 0 1591534336.0339286 0.05396246910095215
bwd 0 1591534336.0880516 0.0796811580657959
recvacts 0 1591534336.1680126 7.152557373046875e-07
fwd 0 1591534336.1680236 0.053940773010253906
bwd 0 1591534336.2220511 0.07884025573730469
recvacts 0 1591534336.301123 4.76837158203125e-07
fwd 0 1591534336.3011317 0.05391526222229004
bwd 0 1591534336.355164 0.07902789115905762
recvacts 0 1591534336.4344702 4.76837158203125e-07
fwd 0 1591534336.4344804 0.05395364761352539
bwd 0 1591534336.488523 0.07889938354492188
recvacts 0 1591534336.567652 7.152557373046875e-07
fwd 0 1591534336.5676606 0.053930044174194336
bwd 0 1591534336.6216972 0.08100032806396484
recvacts 0 1591534336.7029781 4.76837158203125e-07
fwd 0 1591534336.7029874 0.054088592529296875
bwd 0 1591534336.7571666 0.07907962799072266
recvacts 0 1591534336.836479 4.76837158203125e-07
fwd 0 1591534336.8364882 0.053823232650756836
bwd 0 1591534336.8903956 0.07967472076416016
recvacts 0 1591534336.9703403 1.1920928955078125e-06
fwd 0 1591534336.97035 0.05399823188781738
bwd 0 1591534337.0244331 0.07891845703125
recvacts 0 1591534337.1035836 7.152557373046875e-07
fwd 0 1591534337.1035922 0.053925514221191406
bwd 0 1591534337.1576025 0.07885265350341797
recvacts 0 1591534337.2367435 4.76837158203125e-07
fwd 0 1591534337.2367527 0.053893089294433594
bwd 0 1591534337.2907336 0.07895326614379883
recvacts 0 1591534337.3699198 4.76837158203125e-07
fwd 0 1591534337.3699296 0.05388641357421875
bwd 0 1591534337.423902 0.07904219627380371
recvacts 0 1591534337.503184 7.152557373046875e-07
fwd 0 1591534337.5031936 0.05382990837097168
bwd 0 1591534337.5571084 0.07894015312194824
recvacts 0 1591534337.6363335 1.1920928955078125e-06
fwd 0 1591534337.636345 0.05384421348571777
bwd 0 1591534337.6902907 0.07921481132507324
recvacts 0 1591534337.7698154 9.5367431640625e-07
fwd 0 1591534337.7698278 0.0540156364440918
bwd 0 1591534337.8239489 0.07918834686279297
recvacts 0 1591534337.9034402 7.152557373046875e-07
fwd 0 1591534337.9034517 0.05402088165283203
bwd 0 1591534337.9576356 0.07917094230651855
recvacts 0 1591534338.0370576 7.152557373046875e-07
fwd 0 1591534338.0370681 0.053945302963256836
bwd 0 1591534338.0911012 0.08467602729797363
recvacts 0 1591534338.176033 7.152557373046875e-07
fwd 0 1591534338.1760433 0.053915977478027344
bwd 0 1591534338.2300465 0.07897043228149414
recvacts 0 1591534338.309271 4.76837158203125e-07
fwd 0 1591534338.3092804 0.053797245025634766
bwd 0 1591534338.3631642 0.0791006088256836
recvacts 0 1591534338.442547 9.5367431640625e-07
fwd 0 1591534338.4425578 0.053978681564331055
bwd 0 1591534338.4966235 0.07896900177001953
recvacts 0 1591534338.5758224 4.76837158203125e-07
fwd 0 1591534338.5758317 0.053848981857299805
bwd 0 1591534338.629772 0.07892203330993652
recvacts 0 1591534338.7089233 4.76837158203125e-07
fwd 0 1591534338.708933 0.05378532409667969
bwd 0 1591534338.7628038 0.07900309562683105
recvacts 0 1591534338.842055 9.5367431640625e-07
fwd 0 1591534338.8420649 0.05389904975891113
bwd 0 1591534338.8960495 0.08018374443054199
recvacts 0 1591534338.9764845 9.5367431640625e-07
fwd 0 1591534338.9764943 0.054586172103881836
bwd 0 1591534339.0311742 0.07904529571533203
SYNC! all_reduce 163109376 1591534339.111351 7.226177453994751
overflow sync 1591534346.3378274 2.384185791015625e-07
SYNC! all-reduce time 8.022861242294312

BATCH END 1591534334.5065618 12.626831769943237

start time 1591534347.1508355
recvacts 0 1591534347.1509523 7.152557373046875e-07
fwd 0 1591534347.1509652 0.05439186096191406
bwd 0 1591534347.205457 0.07906246185302734
recvacts 0 1591534347.2847617 4.76837158203125e-07
fwd 0 1591534347.2847717 0.05385875701904297
bwd 0 1591534347.3387148 0.07902669906616211
recvacts 0 1591534347.4179966 7.152557373046875e-07
fwd 0 1591534347.4180062 0.05389904975891113
bwd 0 1591534347.4720318 0.0791158676147461
recvacts 0 1591534347.551393 7.152557373046875e-07
fwd 0 1591534347.5514038 0.05388903617858887
bwd 0 1591534347.6053793 0.07894563674926758
recvacts 0 1591534347.6845622 7.152557373046875e-07
fwd 0 1591534347.6845717 0.053838491439819336
bwd 0 1591534347.7384913 0.07897257804870605
recvacts 0 1591534347.8176997 9.5367431640625e-07
fwd 0 1591534347.8177087 0.0538330078125
bwd 0 1591534347.871631 0.07901883125305176
recvacts 0 1591534347.9508889 7.152557373046875e-07
fwd 0 1591534347.9508986 0.05391502380371094
bwd 0 1591534348.0048976 0.07900142669677734
recvacts 0 1591534348.0841432 7.152557373046875e-07
fwd 0 1591534348.0841532 0.053977251052856445
bwd 0 1591534348.1382277 0.07895255088806152
recvacts 0 1591534348.217416 4.76837158203125e-07
fwd 0 1591534348.217426 0.054021596908569336
bwd 0 1591534348.271542 0.07888984680175781
recvacts 0 1591534348.3506606 4.76837158203125e-07
fwd 0 1591534348.3506706 0.05403327941894531
bwd 0 1591534348.4047985 0.07896590232849121
recvacts 0 1591534348.4840207 4.76837158203125e-07
fwd 0 1591534348.4840307 0.0553591251373291
bwd 0 1591534348.5394845 0.07889294624328613
recvacts 0 1591534348.6186504 4.76837158203125e-07
fwd 0 1591534348.6186602 0.05403327941894531
bwd 0 1591534348.6728048 0.07885074615478516
recvacts 0 1591534348.7519057 7.152557373046875e-07
fwd 0 1591534348.751916 0.053954362869262695
bwd 0 1591534348.8059812 0.0790855884552002
recvacts 0 1591534348.8853314 1.1920928955078125e-06
fwd 0 1591534348.8853428 0.05412006378173828
bwd 0 1591534348.9395626 0.07935214042663574
recvacts 0 1591534349.0192707 7.152557373046875e-07
fwd 0 1591534349.019282 0.05423617362976074
bwd 0 1591534349.0736625 0.07936859130859375
recvacts 0 1591534349.1533282 7.152557373046875e-07
fwd 0 1591534349.1533403 0.05425691604614258
bwd 0 1591534349.2077308 0.07955598831176758
recvacts 0 1591534349.2875538 7.152557373046875e-07
fwd 0 1591534349.2875652 0.05422401428222656
bwd 0 1591534349.341907 0.07927346229553223
recvacts 0 1591534349.4215121 7.152557373046875e-07
fwd 0 1591534349.4215236 0.05418562889099121
bwd 0 1591534349.4758146 0.07933282852172852
recvacts 0 1591534349.5553923 4.76837158203125e-07
fwd 0 1591534349.555403 0.054190635681152344
bwd 0 1591534349.6097105 0.07930994033813477
recvacts 0 1591534349.6892745 9.5367431640625e-07
fwd 0 1591534349.6892862 0.053994178771972656
bwd 0 1591534349.7433684 0.07935476303100586
recvacts 0 1591534349.8231013 7.152557373046875e-07
fwd 0 1591534349.8231132 0.05447268486022949
bwd 0 1591534349.8776853 0.0790717601776123
recvacts 0 1591534349.957029 7.152557373046875e-07
fwd 0 1591534349.9570403 0.05411720275878906
bwd 0 1591534350.011255 0.07898283004760742
recvacts 0 1591534350.090481 7.152557373046875e-07
fwd 0 1591534350.0904915 0.05400705337524414
bwd 0 1591534350.144595 0.0789341926574707
recvacts 0 1591534350.223765 9.5367431640625e-07
fwd 0 1591534350.2237747 0.05391526222229004
bwd 0 1591534350.2777877 0.07892107963562012
recvacts 0 1591534350.3569613 4.76837158203125e-07
fwd 0 1591534350.3569713 0.053963661193847656
bwd 0 1591534350.4110296 0.07899785041809082
recvacts 0 1591534350.4903471 7.152557373046875e-07
fwd 0 1591534350.490357 0.05435752868652344
bwd 0 1591534350.5448172 0.07920312881469727
recvacts 0 1591534350.6242774 7.152557373046875e-07
fwd 0 1591534350.6242871 0.05402064323425293
bwd 0 1591534350.6784039 0.07894039154052734
recvacts 0 1591534350.7576215 4.76837158203125e-07
fwd 0 1591534350.7576318 0.05402731895446777
bwd 0 1591534350.8117526 0.07896184921264648
recvacts 0 1591534350.8910108 7.152557373046875e-07
fwd 0 1591534350.891021 0.05408644676208496
bwd 0 1591534350.945206 0.07913780212402344
recvacts 0 1591534351.0246656 7.152557373046875e-07
fwd 0 1591534351.024678 0.05412697792053223
bwd 0 1591534351.078917 0.07924032211303711
recvacts 0 1591534351.1584404 1.1920928955078125e-06
fwd 0 1591534351.158452 0.054062604904174805
bwd 0 1591534351.2126303 0.07927966117858887
recvacts 0 1591534351.2921755 9.5367431640625e-07
fwd 0 1591534351.2921894 0.05414223670959473
bwd 0 1591534351.3464303 0.07921910285949707
SYNC! all_reduce 163109376 1591534351.4266996 0.00015854835510253906
overflow sync 1591534351.4269493 7.152557373046875e-07
SYNC! all-reduce time 0.7047913074493408

BATCH END 1591534347.15091 4.979842901229858

start time 1591534352.1464422
recvacts 0 1591534352.146524 2.384185791015625e-07
fwd 0 1591534352.146533 0.05403709411621094
bwd 0 1591534352.2006695 0.07928228378295898
recvacts 0 1591534352.2802773 7.152557373046875e-07
fwd 0 1591534352.280289 0.054224491119384766
bwd 0 1591534352.3346112 0.07897520065307617
recvacts 0 1591534352.413823 7.152557373046875e-07
fwd 0 1591534352.4138327 0.05405163764953613
bwd 0 1591534352.4679794 0.07910561561584473
recvacts 0 1591534352.5473354 7.152557373046875e-07
fwd 0 1591534352.5473454 0.05395650863647461
bwd 0 1591534352.6013978 0.0788888931274414
recvacts 0 1591534352.680519 7.152557373046875e-07
fwd 0 1591534352.6805289 0.05398201942443848
bwd 0 1591534352.7346053 0.0790107250213623
recvacts 0 1591534352.8138516 4.76837158203125e-07
fwd 0 1591534352.8138616 0.059572458267211914
bwd 0 1591534352.8735301 0.07927584648132324
recvacts 0 1591534352.9531643 7.152557373046875e-07
fwd 0 1591534352.9531748 0.054039716720581055
bwd 0 1591534353.0073097 0.07951140403747559
recvacts 0 1591534353.0871782 1.1920928955078125e-06
fwd 0 1591534353.0871918 0.05439257621765137
bwd 0 1591534353.1416826 0.07950210571289062
recvacts 0 1591534353.2215068 9.5367431640625e-07
fwd 0 1591534353.2215183 0.05402088165283203
bwd 0 1591534353.27563 0.07905459403991699
recvacts 0 1591534353.3549552 9.5367431640625e-07
fwd 0 1591534353.354965 0.0539095401763916
bwd 0 1591534353.4089606 0.07892203330993652
recvacts 0 1591534353.4881153 4.76837158203125e-07
fwd 0 1591534353.488124 0.053899288177490234
bwd 0 1591534353.542109 0.07893061637878418
recvacts 0 1591534353.6213012 4.76837158203125e-07
fwd 0 1591534353.6213107 0.05385875701904297
bwd 0 1591534353.6752546 0.07897472381591797
recvacts 0 1591534353.7544618 7.152557373046875e-07
fwd 0 1591534353.7544703 0.053893089294433594
bwd 0 1591534353.808448 0.07883620262145996
recvacts 0 1591534353.8875139 7.152557373046875e-07
fwd 0 1591534353.8875225 0.05386686325073242
bwd 0 1591534353.9414756 0.07891011238098145
recvacts 0 1591534354.020666 4.76837158203125e-07
fwd 0 1591534354.0206757 0.05383110046386719
bwd 0 1591534354.074593 0.07886338233947754
recvacts 0 1591534354.1536853 4.76837158203125e-07
fwd 0 1591534354.1536942 0.05381631851196289
bwd 0 1591534354.2075937 0.07884788513183594
recvacts 0 1591534354.2866714 4.76837158203125e-07
fwd 0 1591534354.28668 0.053849220275878906
bwd 0 1591534354.3406134 0.07886958122253418
recvacts 0 1591534354.4197476 4.76837158203125e-07
fwd 0 1591534354.419757 0.053865909576416016
bwd 0 1591534354.4737248 0.0788426399230957
recvacts 0 1591534354.552838 4.76837158203125e-07
fwd 0 1591534354.5528467 0.05386924743652344
bwd 0 1591534354.6067998 0.07881522178649902
recvacts 0 1591534354.6858473 2.384185791015625e-07
fwd 0 1591534354.6858563 0.053818464279174805
bwd 0 1591534354.7397704 0.0790703296661377
recvacts 0 1591534354.819166 7.152557373046875e-07
fwd 0 1591534354.8191762 0.054071664810180664
bwd 0 1591534354.8733478 0.07919788360595703
recvacts 0 1591534354.9528887 9.5367431640625e-07
fwd 0 1591534354.9529011 0.05417513847351074
bwd 0 1591534355.0071795 0.07929062843322754
recvacts 0 1591534355.0868454 9.5367431640625e-07
fwd 0 1591534355.0868578 0.05441474914550781
bwd 0 1591534355.1413841 0.07919931411743164
recvacts 0 1591534355.2209177 7.152557373046875e-07
fwd 0 1591534355.2209296 0.054110050201416016
bwd 0 1591534355.2751431 0.07907652854919434
recvacts 0 1591534355.3544712 7.152557373046875e-07
fwd 0 1591534355.3544831 0.05399346351623535
bwd 0 1591534355.408573 0.07906889915466309
recvacts 0 1591534355.4878814 4.76837158203125e-07
fwd 0 1591534355.4878912 0.05404305458068848
bwd 0 1591534355.5420277 0.07895421981811523
recvacts 0 1591534355.6212196 7.152557373046875e-07
fwd 0 1591534355.6212292 0.05396842956542969
bwd 0 1591534355.675293 0.07891845703125
recvacts 0 1591534355.7544477 4.76837158203125e-07
fwd 0 1591534355.754457 0.053974151611328125
bwd 0 1591534355.808527 0.07964372634887695
recvacts 0 1591534355.8888063 7.152557373046875e-07
fwd 0 1591534355.8888195 0.05600285530090332
bwd 0 1591534355.9449263 0.07921838760375977
recvacts 0 1591534356.0244503 7.152557373046875e-07
fwd 0 1591534356.024475 0.05413675308227539
bwd 0 1591534356.0787382 0.07927298545837402
recvacts 0 1591534356.1583056 4.76837158203125e-07
fwd 0 1591534356.1583176 0.05414390563964844
bwd 0 1591534356.2125595 0.07898759841918945
recvacts 0 1591534356.2918005 9.5367431640625e-07
fwd 0 1591534356.291811 0.054000139236450195
bwd 0 1591534356.3459108 0.07906413078308105
SYNC! all_reduce 163109376 1591534356.426029 0.00016880035400390625
overflow sync 1591534356.4262905 2.384185791015625e-07
SYNC! all-reduce time 0.587599515914917

BATCH END 1591534352.146506 4.866372108459473

start time 1591591327.6047025
recvacts 0 1591591327.604921 7.152557373046875e-07
fwd 0 1591591327.6049364 0.3630499839782715
bwd 0 1591591327.9681447 0.08628201484680176
recvacts 0 1591591328.055007 9.5367431640625e-07
fwd 0 1591591328.0550349 0.05620574951171875
bwd 0 1591591328.1113343 0.0799095630645752
recvacts 0 1591591328.1917822 7.152557373046875e-07
fwd 0 1591591328.1917932 0.054323673248291016
bwd 0 1591591328.2462115 0.07935833930969238
recvacts 0 1591591328.326081 7.152557373046875e-07
fwd 0 1591591328.3260908 0.05390596389770508
bwd 0 1591591328.380088 0.07917451858520508
recvacts 0 1591591328.4597847 4.76837158203125e-07
fwd 0 1591591328.4597945 0.05386495590209961
bwd 0 1591591328.5137434 0.07945060729980469
recvacts 0 1591591328.5937197 7.152557373046875e-07
fwd 0 1591591328.59373 0.05398297309875488
bwd 0 1591591328.6478095 0.07928943634033203
recvacts 0 1591591328.7276244 7.152557373046875e-07
fwd 0 1591591328.7276344 0.0540616512298584
bwd 0 1591591328.78178 0.0791311264038086
recvacts 0 1591591328.8614156 4.76837158203125e-07
fwd 0 1591591328.8614252 0.053843021392822266
bwd 0 1591591328.915353 0.07914304733276367
recvacts 0 1591591328.994983 4.76837158203125e-07
fwd 0 1591591328.994993 0.05389714241027832
bwd 0 1591591329.0489762 0.07909917831420898
recvacts 0 1591591329.1286008 4.76837158203125e-07
fwd 0 1591591329.1286108 0.05382585525512695
bwd 0 1591591329.1825202 0.07906365394592285
recvacts 0 1591591329.2620838 4.76837158203125e-07
fwd 0 1591591329.2620928 0.05389976501464844
bwd 0 1591591329.3160791 0.07907581329345703
recvacts 0 1591591329.3956854 4.76837158203125e-07
fwd 0 1591591329.3956952 0.05377030372619629
bwd 0 1591591329.4495647 0.07926630973815918
recvacts 0 1591591329.5293293 7.152557373046875e-07
fwd 0 1591591329.5293396 0.05391836166381836
bwd 0 1591591329.5833526 0.07927989959716797
recvacts 0 1591591329.663143 4.76837158203125e-07
fwd 0 1591591329.6631534 0.0539095401763916
bwd 0 1591591329.7171483 0.07905054092407227
recvacts 0 1591591329.7968373 4.76837158203125e-07
fwd 0 1591591329.7968476 0.05411052703857422
bwd 0 1591591329.8510425 0.07904410362243652
recvacts 0 1591591329.9306254 7.152557373046875e-07
fwd 0 1591591329.9306355 0.05386996269226074
bwd 0 1591591329.9845998 0.07900834083557129
recvacts 0 1591591330.0641203 4.76837158203125e-07
fwd 0 1591591330.06413 0.053819894790649414
bwd 0 1591591330.1180334 0.07902097702026367
recvacts 0 1591591330.197572 7.152557373046875e-07
fwd 0 1591591330.1975813 0.05385398864746094
bwd 0 1591591330.2515423 0.07911944389343262
recvacts 0 1591591330.331201 4.76837158203125e-07
fwd 0 1591591330.331211 0.053928375244140625
bwd 0 1591591330.3852267 0.07925844192504883
recvacts 0 1591591330.4650977 1.1920928955078125e-06
fwd 0 1591591330.4651105 0.05396461486816406
bwd 0 1591591330.519169 0.0795135498046875
recvacts 0 1591591330.5991583 1.1920928955078125e-06
fwd 0 1591591330.599171 0.053972482681274414
bwd 0 1591591330.6532407 0.07948708534240723
recvacts 0 1591591330.7332418 7.152557373046875e-07
fwd 0 1591591330.7332537 0.05409073829650879
bwd 0 1591591330.7874398 0.0794363021850586
recvacts 0 1591591330.8674123 9.5367431640625e-07
fwd 0 1591591330.867424 0.05399012565612793
bwd 0 1591591330.921543 0.07903051376342773
recvacts 0 1591591331.001088 7.152557373046875e-07
fwd 0 1591591331.0010974 0.05401444435119629
bwd 0 1591591331.0552094 0.0793161392211914
recvacts 0 1591591331.1347885 9.5367431640625e-07
fwd 0 1591591331.1348004 0.053956031799316406
bwd 0 1591591331.1888442 0.07886624336242676
recvacts 0 1591591331.2679877 7.152557373046875e-07
fwd 0 1591591331.2679973 0.05388951301574707
bwd 0 1591591331.32197 0.07889294624328613
recvacts 0 1591591331.4012058 7.152557373046875e-07
fwd 0 1591591331.4012167 0.05392122268676758
bwd 0 1591591331.4552228 0.07892751693725586
recvacts 0 1591591331.5344706 7.152557373046875e-07
fwd 0 1591591331.5344808 0.05391120910644531
bwd 0 1591591331.588476 0.07892870903015137
recvacts 0 1591591331.6676505 7.152557373046875e-07
fwd 0 1591591331.6676605 0.053781986236572266
bwd 0 1591591331.721611 0.0791776180267334
recvacts 0 1591591331.8010476 4.76837158203125e-07
fwd 0 1591591331.8010602 0.053885698318481445
bwd 0 1591591331.8550298 0.07886147499084473
recvacts 0 1591591331.9341185 4.76837158203125e-07
fwd 0 1591591331.9341278 0.053774118423461914
bwd 0 1591591331.987996 0.07900452613830566
recvacts 0 1591591332.067244 4.76837158203125e-07
fwd 0 1591591332.0672538 0.056334495544433594
bwd 0 1591591332.1236978 0.07952570915222168
SYNC! all_reduce 163109376 1591591332.2043436 0.6236875057220459
overflow sync 1591591332.8283823 2.384185791015625e-07
SYNC! all-reduce time 1.4957590103149414

BATCH END 1591591327.6048548 6.094404220581055

start time 1591591333.7184079
recvacts 0 1591591333.718518 7.152557373046875e-07
fwd 0 1591591333.718528 0.054514169692993164
bwd 0 1591591333.7731597 0.07886600494384766
recvacts 0 1591591333.8522923 4.76837158203125e-07
fwd 0 1591591333.8523033 0.05385303497314453
bwd 0 1591591333.9062412 0.07897639274597168
recvacts 0 1591591333.9854474 4.76837158203125e-07
fwd 0 1591591333.9854567 0.05378842353820801
bwd 0 1591591334.0393353 0.07933592796325684
recvacts 0 1591591334.1189036 4.76837158203125e-07
fwd 0 1591591334.118913 0.053936004638671875
bwd 0 1591591334.1729333 0.07891678810119629
recvacts 0 1591591334.2520838 4.76837158203125e-07
fwd 0 1591591334.252093 0.05379652976989746
bwd 0 1591591334.3059742 0.07886910438537598
recvacts 0 1591591334.3850782 4.76837158203125e-07
fwd 0 1591591334.385088 0.05382537841796875
bwd 0 1591591334.4389968 0.07893180847167969
recvacts 0 1591591334.5181675 4.76837158203125e-07
fwd 0 1591591334.5181768 0.05381369590759277
bwd 0 1591591334.572074 0.07886958122253418
recvacts 0 1591591334.6511698 4.76837158203125e-07
fwd 0 1591591334.651179 0.05375838279724121
bwd 0 1591591334.7050195 0.07886075973510742
recvacts 0 1591591334.7841065 4.76837158203125e-07
fwd 0 1591591334.784116 0.05378150939941406
bwd 0 1591591334.8379827 0.07888627052307129
recvacts 0 1591591334.9171484 4.76837158203125e-07
fwd 0 1591591334.9171581 0.05387449264526367
bwd 0 1591591334.9711175 0.07898616790771484
recvacts 0 1591591335.0503523 4.76837158203125e-07
fwd 0 1591591335.0503619 0.05419135093688965
bwd 0 1591591335.10464 0.07884073257446289
recvacts 0 1591591335.18371 7.152557373046875e-07
fwd 0 1591591335.183719 0.053789615631103516
bwd 0 1591591335.2375953 0.078887939453125
recvacts 0 1591591335.3167245 4.76837158203125e-07
fwd 0 1591591335.3167338 0.05390453338623047
bwd 0 1591591335.3707242 0.0788884162902832
recvacts 0 1591591335.4498487 7.152557373046875e-07
fwd 0 1591591335.449858 0.053839683532714844
bwd 0 1591591335.503785 0.0789179801940918
recvacts 0 1591591335.58294 4.76837158203125e-07
fwd 0 1591591335.5829499 0.05388212203979492
bwd 0 1591591335.636918 0.07888579368591309
recvacts 0 1591591335.7160363 7.152557373046875e-07
fwd 0 1591591335.7160459 0.05385732650756836
bwd 0 1591591335.7699866 0.07915782928466797
recvacts 0 1591591335.8493865 4.76837158203125e-07
fwd 0 1591591335.849396 0.05759596824645996
bwd 0 1591591335.9070773 0.07895755767822266
recvacts 0 1591591335.9862885 7.152557373046875e-07
fwd 0 1591591335.9862983 0.05381464958190918
bwd 0 1591591336.0402017 0.07890558242797852
recvacts 0 1591591336.1193402 1.621246337890625e-05
fwd 0 1591591336.119366 0.053748130798339844
bwd 0 1591591336.1731963 0.07881569862365723
recvacts 0 1591591336.252254 4.76837158203125e-07
fwd 0 1591591336.2522643 0.053885698318481445
bwd 0 1591591336.3062336 0.07892489433288574
recvacts 0 1591591336.385401 4.76837158203125e-07
fwd 0 1591591336.3854105 0.05380415916442871
bwd 0 1591591336.4392962 0.07882070541381836
recvacts 0 1591591336.5183465 4.76837158203125e-07
fwd 0 1591591336.5183554 0.05381512641906738
bwd 0 1591591336.5722651 0.07898783683776855
recvacts 0 1591591336.6514862 4.76837158203125e-07
fwd 0 1591591336.6514955 0.053766727447509766
bwd 0 1591591336.7053423 0.07888579368591309
recvacts 0 1591591336.7844944 7.152557373046875e-07
fwd 0 1591591336.7845037 0.05387401580810547
bwd 0 1591591336.8384597 0.07881760597229004
recvacts 0 1591591336.917546 4.76837158203125e-07
fwd 0 1591591336.917555 0.0537717342376709
bwd 0 1591591336.9714081 0.07883930206298828
recvacts 0 1591591337.0507557 7.152557373046875e-07
fwd 0 1591591337.050767 0.05378293991088867
bwd 0 1591591337.1046307 0.07882308959960938
recvacts 0 1591591337.1836832 4.76837158203125e-07
fwd 0 1591591337.1836922 0.054141998291015625
bwd 0 1591591337.2379239 0.07890701293945312
recvacts 0 1591591337.3170607 7.152557373046875e-07
fwd 0 1591591337.3170695 0.053826332092285156
bwd 0 1591591337.3710277 0.07895708084106445
recvacts 0 1591591337.4502265 7.152557373046875e-07
fwd 0 1591591337.4502366 0.05384111404418945
bwd 0 1591591337.5041604 0.07886338233947754
recvacts 0 1591591337.5832539 4.76837158203125e-07
fwd 0 1591591337.5832644 0.05419445037841797
bwd 0 1591591337.637551 0.07886648178100586
recvacts 0 1591591337.7166512 7.152557373046875e-07
fwd 0 1591591337.7166607 0.05385994911193848
bwd 0 1591591337.7706044 0.07886815071105957
recvacts 0 1591591337.849705 4.76837158203125e-07
fwd 0 1591591337.8497143 0.05384111404418945
bwd 0 1591591337.903644 0.07898998260498047
SYNC! all_reduce 163109376 1591591337.9836562 0.00013446807861328125
overflow sync 1591591337.9839468 2.384185791015625e-07
SYNC! all-reduce time 0.6513185501098633

BATCH END 1591591333.7184944 4.915709733963013

start time 1591591338.649871
recvacts 0 1591591338.6499665 7.152557373046875e-07
fwd 0 1591591338.6499763 0.05405116081237793
bwd 0 1591591338.7041185 0.07878279685974121
recvacts 0 1591591338.783183 7.152557373046875e-07
fwd 0 1591591338.783193 0.05383133888244629
bwd 0 1591591338.837108 0.07885289192199707
recvacts 0 1591591338.9162562 4.76837158203125e-07
fwd 0 1591591338.916266 0.05382418632507324
bwd 0 1591591338.9701717 0.07885003089904785
recvacts 0 1591591339.0493069 4.76837158203125e-07
fwd 0 1591591339.0493166 0.05385875701904297
bwd 0 1591591339.103271 0.0788412094116211
recvacts 0 1591591339.1823435 4.76837158203125e-07
fwd 0 1591591339.1823528 0.053769826889038086
bwd 0 1591591339.2362046 0.07887029647827148
recvacts 0 1591591339.3153195 4.76837158203125e-07
fwd 0 1591591339.315329 0.05372285842895508
bwd 0 1591591339.3691337 0.07889699935913086
recvacts 0 1591591339.4483016 4.76837158203125e-07
fwd 0 1591591339.4483118 0.053869009017944336
bwd 0 1591591339.5022805 0.07901263236999512
recvacts 0 1591591339.5815296 4.76837158203125e-07
fwd 0 1591591339.581539 0.054021596908569336
bwd 0 1591591339.6356416 0.07885289192199707
recvacts 0 1591591339.7147217 7.152557373046875e-07
fwd 0 1591591339.714731 0.05377078056335449
bwd 0 1591591339.7685843 0.07886695861816406
recvacts 0 1591591339.847694 4.76837158203125e-07
fwd 0 1591591339.8477035 0.05386757850646973
bwd 0 1591591339.901665 0.07911872863769531
recvacts 0 1591591339.98109 9.5367431640625e-07
fwd 0 1591591339.9811044 0.0539088249206543
bwd 0 1591591340.0350997 0.07895874977111816
recvacts 0 1591591340.114293 4.76837158203125e-07
fwd 0 1591591340.1143024 0.05398440361022949
bwd 0 1591591340.168379 0.0789327621459961
recvacts 0 1591591340.2475476 4.76837158203125e-07
fwd 0 1591591340.2475572 0.05392336845397949
bwd 0 1591591340.301651 0.0788123607635498
recvacts 0 1591591340.380695 4.76837158203125e-07
fwd 0 1591591340.3807042 0.05388307571411133
bwd 0 1591591340.4346757 0.07885074615478516
recvacts 0 1591591340.5137594 7.152557373046875e-07
fwd 0 1591591340.5137687 0.05382347106933594
bwd 0 1591591340.567684 0.07895469665527344
recvacts 0 1591591340.646896 7.152557373046875e-07
fwd 0 1591591340.6469069 0.05382704734802246
bwd 0 1591591340.700819 0.07888484001159668
recvacts 0 1591591340.7799327 7.152557373046875e-07
fwd 0 1591591340.779942 0.05381488800048828
bwd 0 1591591340.8338416 0.07955718040466309
recvacts 0 1591591340.9136279 4.76837158203125e-07
fwd 0 1591591340.9136372 0.05385017395019531
bwd 0 1591591340.9675753 0.07906866073608398
recvacts 0 1591591341.0468833 4.76837158203125e-07
fwd 0 1591591341.046893 0.053903818130493164
bwd 0 1591591341.100888 0.08076763153076172
recvacts 0 1591591341.1819377 7.152557373046875e-07
fwd 0 1591591341.1819477 0.05387258529663086
bwd 0 1591591341.2359092 0.07882952690124512
recvacts 0 1591591341.3150072 4.76837158203125e-07
fwd 0 1591591341.3150167 0.05386686325073242
bwd 0 1591591341.368967 0.07883191108703613
recvacts 0 1591591341.448037 7.152557373046875e-07
fwd 0 1591591341.448046 0.05387139320373535
bwd 0 1591591341.5020072 0.07884693145751953
recvacts 0 1591591341.581094 7.152557373046875e-07
fwd 0 1591591341.5811038 0.05386161804199219
bwd 0 1591591341.6350522 0.07938981056213379
recvacts 0 1591591341.7148242 1.1920928955078125e-06
fwd 0 1591591341.7148402 0.05414462089538574
bwd 0 1591591341.7690835 0.07919526100158691
recvacts 0 1591591341.8485837 7.152557373046875e-07
fwd 0 1591591341.8485987 0.05406594276428223
bwd 0 1591591341.9027505 0.0788567066192627
recvacts 0 1591591341.9818425 4.76837158203125e-07
fwd 0 1591591341.9818516 0.053797245025634766
bwd 0 1591591342.0357325 0.07888078689575195
recvacts 0 1591591342.1148808 7.152557373046875e-07
fwd 0 1591591342.1148915 0.053856849670410156
bwd 0 1591591342.168834 0.07887625694274902
recvacts 0 1591591342.2479427 4.76837158203125e-07
fwd 0 1591591342.2479522 0.053761959075927734
bwd 0 1591591342.3017967 0.07894468307495117
recvacts 0 1591591342.380995 7.152557373046875e-07
fwd 0 1591591342.3810072 0.05383634567260742
bwd 0 1591591342.4349365 0.07893848419189453
recvacts 0 1591591342.5141168 9.5367431640625e-07
fwd 0 1591591342.514129 0.05389094352722168
bwd 0 1591591342.5681129 0.07887411117553711
recvacts 0 1591591342.64722 4.76837158203125e-07
fwd 0 1591591342.6472292 0.053809165954589844
bwd 0 1591591342.7011213 0.07878828048706055
recvacts 0 1591591342.7801542 4.76837158203125e-07
fwd 0 1591591342.7801635 0.05380845069885254
bwd 0 1591591342.8340552 0.07885503768920898
SYNC! all_reduce 163109376 1591591342.9138534 0.00012826919555664062
overflow sync 1591591342.9140623 2.384185791015625e-07
SYNC! all-reduce time 0.6219010353088379

BATCH END 1591591338.6499462 4.885128974914551

start time 1591642152.359494
recvacts 0 1591642152.3597026 4.76837158203125e-07
fwd 0 1591642152.3597226 0.35741281509399414
bwd 0 1591642152.7172906 0.08727526664733887
recvacts 0 1591642152.8048904 4.76837158203125e-07
fwd 0 1591642152.8049023 0.05752205848693848
bwd 0 1591642152.8625185 0.08230829238891602
recvacts 0 1591642152.9451568 4.76837158203125e-07
fwd 0 1591642152.9451685 0.05438518524169922
bwd 0 1591642152.9996572 0.07984733581542969
recvacts 0 1591642153.0798118 9.5367431640625e-07
fwd 0 1591642153.079823 0.05427360534667969
bwd 0 1591642153.1341946 0.07940816879272461
recvacts 0 1591642153.2139168 4.76837158203125e-07
fwd 0 1591642153.213928 0.054056406021118164
bwd 0 1591642153.2680862 0.07890558242797852
recvacts 0 1591642153.3472865 7.152557373046875e-07
fwd 0 1591642153.3472965 0.053832292556762695
bwd 0 1591642153.4012127 0.07910490036010742
recvacts 0 1591642153.4805539 7.152557373046875e-07
fwd 0 1591642153.4805636 0.05406785011291504
bwd 0 1591642153.5347161 0.0790863037109375
recvacts 0 1591642153.614076 4.76837158203125e-07
fwd 0 1591642153.6140857 0.053952932357788086
bwd 0 1591642153.6681256 0.0789189338684082
recvacts 0 1591642153.7472777 9.5367431640625e-07
fwd 0 1591642153.747288 0.05386543273925781
bwd 0 1591642153.801243 0.0788724422454834
recvacts 0 1591642153.8804085 4.76837158203125e-07
fwd 0 1591642153.8804185 0.05393505096435547
bwd 0 1591642153.934438 0.07880854606628418
recvacts 0 1591642154.0134985 9.5367431640625e-07
fwd 0 1591642154.0135078 0.05388021469116211
bwd 0 1591642154.0674744 0.07899785041809082
recvacts 0 1591642154.1467197 7.152557373046875e-07
fwd 0 1591642154.146729 0.05383777618408203
bwd 0 1591642154.200663 0.07889103889465332
recvacts 0 1591642154.2797883 4.76837158203125e-07
fwd 0 1591642154.2797973 0.053870439529418945
bwd 0 1591642154.3337529 0.0788583755493164
recvacts 0 1591642154.4128463 7.152557373046875e-07
fwd 0 1591642154.4128554 0.053870439529418945
bwd 0 1591642154.4668097 0.07888507843017578
recvacts 0 1591642154.5459335 9.5367431640625e-07
fwd 0 1591642154.5459433 0.0537869930267334
bwd 0 1591642154.5998182 0.0789642333984375
recvacts 0 1591642154.6790473 9.5367431640625e-07
fwd 0 1591642154.6790578 0.053923606872558594
bwd 0 1591642154.7330666 0.07886052131652832
recvacts 0 1591642154.8122025 7.152557373046875e-07
fwd 0 1591642154.8122118 0.053916215896606445
bwd 0 1591642154.8662145 0.07887005805969238
recvacts 0 1591642154.9453645 4.76837158203125e-07
fwd 0 1591642154.945374 0.053872108459472656
bwd 0 1591642154.9993322 0.0790414810180664
recvacts 0 1591642155.0786643 4.76837158203125e-07
fwd 0 1591642155.078674 0.05411267280578613
bwd 0 1591642155.132894 0.07938790321350098
recvacts 0 1591642155.212595 7.152557373046875e-07
fwd 0 1591642155.2126062 0.054033756256103516
bwd 0 1591642155.2667282 0.07908129692077637
recvacts 0 1591642155.346045 7.152557373046875e-07
fwd 0 1591642155.3460546 0.05381512641906738
bwd 0 1591642155.3999727 0.07890534400939941
recvacts 0 1591642155.479133 4.76837158203125e-07
fwd 0 1591642155.4791424 0.053893327713012695
bwd 0 1591642155.533122 0.07892346382141113
recvacts 0 1591642155.6132066 7.152557373046875e-07
fwd 0 1591642155.613217 0.05391192436218262
bwd 0 1591642155.6672163 0.07895684242248535
recvacts 0 1591642155.746412 9.5367431640625e-07
fwd 0 1591642155.7464223 0.05387401580810547
bwd 0 1591642155.8003802 0.07885432243347168
recvacts 0 1591642155.879512 7.152557373046875e-07
fwd 0 1591642155.8795214 0.053864240646362305
bwd 0 1591642155.93347 0.07887959480285645
recvacts 0 1591642156.0126188 7.152557373046875e-07
fwd 0 1591642156.0126283 0.05385732650756836
bwd 0 1591642156.0665698 0.07886934280395508
recvacts 0 1591642156.1456714 4.76837158203125e-07
fwd 0 1591642156.145681 0.054003238677978516
bwd 0 1591642156.1997755 0.07970404624938965
recvacts 0 1591642156.2798326 1.6689300537109375e-06
fwd 0 1591642156.2798457 0.05443000793457031
bwd 0 1591642156.3343737 0.07932758331298828
recvacts 0 1591642156.4142072 7.152557373046875e-07
fwd 0 1591642156.4142172 0.05393648147583008
bwd 0 1591642156.4682505 0.07929039001464844
recvacts 0 1591642156.5480573 7.152557373046875e-07
fwd 0 1591642156.548082 0.054403066635131836
bwd 0 1591642156.602612 0.08007502555847168
recvacts 0 1591642156.6831806 9.5367431640625e-07
fwd 0 1591642156.6831932 0.05442690849304199
bwd 0 1591642156.737722 0.0798807144165039
recvacts 0 1591642156.8180883 9.5367431640625e-07
fwd 0 1591642156.8181026 0.0544435977935791
bwd 0 1591642156.8726518 0.0797111988067627
SYNC! all_reduce 163109376 1591642156.9538827 0.9386088848114014
overflow sync 1591642157.8927767 2.384185791015625e-07
SYNC! all-reduce time 1.704531192779541

BATCH END 1591642152.3596706 6.2977399826049805

start time 1591642158.675225
recvacts 0 1591642158.6753173 4.76837158203125e-07
fwd 0 1591642158.6753275 0.05467939376831055
bwd 0 1591642158.7301006 0.07952094078063965
recvacts 0 1591642158.8100739 7.152557373046875e-07
fwd 0 1591642158.8100839 0.053987741470336914
bwd 0 1591642158.8641577 0.07946896553039551
recvacts 0 1591642158.9440236 7.152557373046875e-07
fwd 0 1591642158.944034 0.05406808853149414
bwd 0 1591642158.9981928 0.07963085174560547
recvacts 0 1591642159.0783923 7.152557373046875e-07
fwd 0 1591642159.0784051 0.05417656898498535
bwd 0 1591642159.1326768 0.0794210433959961
recvacts 0 1591642159.2126672 7.152557373046875e-07
fwd 0 1591642159.2126782 0.05402255058288574
bwd 0 1591642159.2667897 0.0791168212890625
recvacts 0 1591642159.3464108 7.152557373046875e-07
fwd 0 1591642159.346421 0.05386233329772949
bwd 0 1591642159.4003654 0.07910704612731934
recvacts 0 1591642159.479909 7.152557373046875e-07
fwd 0 1591642159.4799178 0.05386853218078613
bwd 0 1591642159.5338826 0.07917213439941406
recvacts 0 1591642159.6135297 7.152557373046875e-07
fwd 0 1591642159.613539 0.05404400825500488
bwd 0 1591642159.6676881 0.07937407493591309
recvacts 0 1591642159.7475762 4.76837158203125e-07
fwd 0 1591642159.7475874 0.054338693618774414
bwd 0 1591642159.802019 0.07915234565734863
recvacts 0 1591642159.8816898 4.76837158203125e-07
fwd 0 1591642159.8816993 0.05391669273376465
bwd 0 1591642159.935702 0.07911467552185059
recvacts 0 1591642160.0153294 7.152557373046875e-07
fwd 0 1591642160.0153387 0.053862810134887695
bwd 0 1591642160.069302 0.07909750938415527
recvacts 0 1591642160.148903 7.152557373046875e-07
fwd 0 1591642160.1489127 0.05377840995788574
bwd 0 1591642160.202779 0.0791618824005127
recvacts 0 1591642160.2825243 9.5367431640625e-07
fwd 0 1591642160.2825346 0.05394601821899414
bwd 0 1591642160.3366005 0.07923507690429688
recvacts 0 1591642160.4162662 9.5367431640625e-07
fwd 0 1591642160.4162765 0.05402565002441406
bwd 0 1591642160.4703934 0.07912230491638184
recvacts 0 1591642160.5500402 9.5367431640625e-07
fwd 0 1591642160.5500507 0.05422210693359375
bwd 0 1591642160.6043608 0.07933163642883301
recvacts 0 1591642160.6842325 7.152557373046875e-07
fwd 0 1591642160.6842568 0.05416584014892578
bwd 0 1591642160.7385244 0.07933449745178223
recvacts 0 1591642160.8183792 9.5367431640625e-07
fwd 0 1591642160.8183904 0.054044246673583984
bwd 0 1591642160.8725293 0.07933282852172852
recvacts 0 1591642160.952424 9.5367431640625e-07
fwd 0 1591642160.9524362 0.054047584533691406
bwd 0 1591642161.0065796 0.07936358451843262
recvacts 0 1591642161.0864558 9.5367431640625e-07
fwd 0 1591642161.0864677 0.05422019958496094
bwd 0 1591642161.1407888 0.0794367790222168
recvacts 0 1591642161.2207444 9.5367431640625e-07
fwd 0 1591642161.2207549 0.05397510528564453
bwd 0 1591642161.2748342 0.07933664321899414
recvacts 0 1591642161.354664 9.5367431640625e-07
fwd 0 1591642161.354674 0.053919315338134766
bwd 0 1591642161.408681 0.07930183410644531
recvacts 0 1591642161.4884965 9.5367431640625e-07
fwd 0 1591642161.4885077 0.05396604537963867
bwd 0 1591642161.542561 0.07909870147705078
recvacts 0 1591642161.622189 7.152557373046875e-07
fwd 0 1591642161.6221988 0.05398702621459961
bwd 0 1591642161.6762884 0.07923698425292969
recvacts 0 1591642161.7560253 7.152557373046875e-07
fwd 0 1591642161.7560349 0.053963422775268555
bwd 0 1591642161.8100832 0.07966828346252441
recvacts 0 1591642161.8901975 4.76837158203125e-07
fwd 0 1591642161.8902073 0.05390191078186035
bwd 0 1591642161.9441943 0.07930850982666016
recvacts 0 1591642162.0240352 9.5367431640625e-07
fwd 0 1591642162.0240457 0.05388903617858887
bwd 0 1591642162.0780168 0.07945060729980469
recvacts 0 1591642162.1580977 7.152557373046875e-07
fwd 0 1591642162.1581082 0.05401492118835449
bwd 0 1591642162.2122107 0.07918930053710938
recvacts 0 1591642162.2919257 7.152557373046875e-07
fwd 0 1591642162.2919352 0.0538637638092041
bwd 0 1591642162.3458822 0.07907915115356445
recvacts 0 1591642162.4254751 7.152557373046875e-07
fwd 0 1591642162.4254842 0.05387735366821289
bwd 0 1591642162.4794471 0.0792226791381836
recvacts 0 1591642162.559125 7.152557373046875e-07
fwd 0 1591642162.5591366 0.05395054817199707
bwd 0 1591642162.6131756 0.07930374145507812
recvacts 0 1591642162.6929479 9.5367431640625e-07
fwd 0 1591642162.6929584 0.053942203521728516
bwd 0 1591642162.746986 0.07963919639587402
recvacts 0 1591642162.8270333 4.76837158203125e-07
fwd 0 1591642162.8270428 0.05403542518615723
bwd 0 1591642162.8811753 0.08092522621154785
SYNC! all_reduce 163109376 1591642162.9634104 0.0001494884490966797
overflow sync 1591642162.9636478 0.0
SYNC! all-reduce time 0.5888440608978271

BATCH END 1591642158.6752973 4.876103639602661

start time 1591642163.567047
recvacts 0 1591642163.567132 4.76837158203125e-07
fwd 0 1591642163.5671418 0.054100751876831055
bwd 0 1591642163.621331 0.07908010482788086
recvacts 0 1591642163.7009234 7.152557373046875e-07
fwd 0 1591642163.700934 0.05382275581359863
bwd 0 1591642163.7548387 0.07903861999511719
recvacts 0 1591642163.8343897 9.5367431640625e-07
fwd 0 1591642163.834399 0.05382061004638672
bwd 0 1591642163.8883107 0.07907438278198242
recvacts 0 1591642163.9679005 7.152557373046875e-07
fwd 0 1591642163.967909 0.05386066436767578
bwd 0 1591642164.0218537 0.07898759841918945
recvacts 0 1591642164.1013536 4.76837158203125e-07
fwd 0 1591642164.101363 0.05384206771850586
bwd 0 1591642164.1552885 0.07909440994262695
recvacts 0 1591642164.2349005 4.76837158203125e-07
fwd 0 1591642164.2349102 0.05433392524719238
bwd 0 1591642164.2893293 0.07914614677429199
recvacts 0 1591642164.368954 7.152557373046875e-07
fwd 0 1591642164.368963 0.05391192436218262
bwd 0 1591642164.4229681 0.07921385765075684
recvacts 0 1591642164.502639 7.152557373046875e-07
fwd 0 1591642164.5026493 0.05400252342224121
bwd 0 1591642164.5567973 0.0796971321105957
recvacts 0 1591642164.6370566 9.5367431640625e-07
fwd 0 1591642164.6370714 0.05433249473571777
bwd 0 1591642164.6915002 0.07928013801574707
recvacts 0 1591642164.7713048 9.5367431640625e-07
fwd 0 1591642164.7713158 0.053980350494384766
bwd 0 1591642164.825388 0.07924723625183105
recvacts 0 1591642164.9052358 7.152557373046875e-07
fwd 0 1591642164.9052482 0.05411100387573242
bwd 0 1591642164.9594533 0.07966494560241699
recvacts 0 1591642165.039691 9.5367431640625e-07
fwd 0 1591642165.0397038 0.05423235893249512
bwd 0 1591642165.094041 0.07945632934570312
recvacts 0 1591642165.1740563 7.152557373046875e-07
fwd 0 1591642165.1740673 0.054100990295410156
bwd 0 1591642165.2282717 0.07929062843322754
recvacts 0 1591642165.308109 4.76837158203125e-07
fwd 0 1591642165.308119 0.05392622947692871
bwd 0 1591642165.3621304 0.0790860652923584
recvacts 0 1591642165.4417396 7.152557373046875e-07
fwd 0 1591642165.441749 0.05385398864746094
bwd 0 1591642165.495702 0.07907915115356445
recvacts 0 1591642165.5753088 4.76837158203125e-07
fwd 0 1591642165.5753188 0.053802490234375
bwd 0 1591642165.6292129 0.07909893989562988
recvacts 0 1591642165.7088387 4.76837158203125e-07
fwd 0 1591642165.7088485 0.05388307571411133
bwd 0 1591642165.7628224 0.07907867431640625
recvacts 0 1591642165.8424702 7.152557373046875e-07
fwd 0 1591642165.8424795 0.05377459526062012
bwd 0 1591642165.8963375 0.07903456687927246
recvacts 0 1591642165.975949 4.76837158203125e-07
fwd 0 1591642165.9759586 0.053923845291137695
bwd 0 1591642166.029966 0.07906508445739746
recvacts 0 1591642166.1094687 7.152557373046875e-07
fwd 0 1591642166.109478 0.05388498306274414
bwd 0 1591642166.1634529 0.07911396026611328
recvacts 0 1591642166.2430818 4.76837158203125e-07
fwd 0 1591642166.2430909 0.05389523506164551
bwd 0 1591642166.2970705 0.07904458045959473
recvacts 0 1591642166.376668 4.76837158203125e-07
fwd 0 1591642166.376678 0.05379319190979004
bwd 0 1591642166.430554 0.07925033569335938
recvacts 0 1591642166.5103414 7.152557373046875e-07
fwd 0 1591642166.5103517 0.054193735122680664
bwd 0 1591642166.5646517 0.07925152778625488
recvacts 0 1591642166.644462 7.152557373046875e-07
fwd 0 1591642166.644475 0.05410909652709961
bwd 0 1591642166.6986861 0.07933855056762695
recvacts 0 1591642166.7785573 7.152557373046875e-07
fwd 0 1591642166.7785685 0.054121971130371094
bwd 0 1591642166.8327794 0.0794062614440918
recvacts 0 1591642166.9127743 9.5367431640625e-07
fwd 0 1591642166.912787 0.054131507873535156
bwd 0 1591642166.9670155 0.07934427261352539
recvacts 0 1591642167.0469103 7.152557373046875e-07
fwd 0 1591642167.0469213 0.0560603141784668
bwd 0 1591642167.103218 0.07941007614135742
recvacts 0 1591642167.1831257 4.76837158203125e-07
fwd 0 1591642167.1831357 0.053971290588378906
bwd 0 1591642167.237194 0.07924580574035645
recvacts 0 1591642167.3170075 4.76837158203125e-07
fwd 0 1591642167.317019 0.05411934852600098
bwd 0 1591642167.3712296 0.07923221588134766
recvacts 0 1591642167.4509807 4.76837158203125e-07
fwd 0 1591642167.4510043 0.05401349067687988
bwd 0 1591642167.5051138 0.07944583892822266
recvacts 0 1591642167.5850754 1.1920928955078125e-06
fwd 0 1591642167.5850863 0.05408811569213867
bwd 0 1591642167.63926 0.07912945747375488
recvacts 0 1591642167.7189205 4.76837158203125e-07
fwd 0 1591642167.7189302 0.05390286445617676
bwd 0 1591642167.7729185 0.07927203178405762
SYNC! all_reduce 163109376 1591642167.8534586 0.0001385211944580078
overflow sync 1591642167.853683 0.0
SYNC! all-reduce time 0.6315395832061768

BATCH END 1591642163.5671134 4.917056322097778

