start time 1591350895.2799451
recvacts 0 1591350895.280117 4.76837158203125e-07
fwd 0 1591350895.2801394 0.5986886024475098
bwd 0 1591350895.8789773 0.08335041999816895
recvacts 0 1591350895.962712 7.152557373046875e-07
fwd 0 1591350895.9627254 0.05457329750061035
bwd 0 1591350896.0174153 0.08052563667297363
recvacts 0 1591350896.098322 1.1920928955078125e-06
fwd 0 1591350896.0983357 0.054308176040649414
bwd 0 1591350896.1527765 0.07925915718078613
recvacts 0 1591350896.232303 9.5367431640625e-07
fwd 0 1591350896.2323163 0.05396294593811035
bwd 0 1591350896.286374 0.0797567367553711
recvacts 0 1591350896.3664498 1.1920928955078125e-06
fwd 0 1591350896.3664634 0.054229736328125
bwd 0 1591350896.420806 0.07911467552185059
recvacts 0 1591350896.5001588 4.76837158203125e-07
fwd 0 1591350896.50017 0.05429863929748535
bwd 0 1591350896.554566 0.0792701244354248
recvacts 0 1591350896.6340973 9.5367431640625e-07
fwd 0 1591350896.6341093 0.054044246673583984
bwd 0 1591350896.6882539 0.07898259162902832
recvacts 0 1591350896.7674713 7.152557373046875e-07
fwd 0 1591350896.7674816 0.05397200584411621
bwd 0 1591350896.821547 0.07892704010009766
recvacts 0 1591350896.9007084 4.76837158203125e-07
fwd 0 1591350896.9007187 0.05397462844848633
bwd 0 1591350896.9547977 0.07895731925964355
recvacts 0 1591350897.0340016 9.5367431640625e-07
fwd 0 1591350897.034012 0.05400586128234863
bwd 0 1591350897.0881128 0.0790395736694336
recvacts 0 1591350897.167392 7.152557373046875e-07
fwd 0 1591350897.1674025 0.05400252342224121
bwd 0 1591350897.2215004 0.07891559600830078
recvacts 0 1591350897.3006532 9.5367431640625e-07
fwd 0 1591350897.3006632 0.053958892822265625
bwd 0 1591350897.3547168 0.0789790153503418
recvacts 0 1591350897.433943 7.152557373046875e-07
fwd 0 1591350897.433953 0.053879499435424805
bwd 0 1591350897.4879296 0.0789344310760498
recvacts 0 1591350897.567098 7.152557373046875e-07
fwd 0 1591350897.5671077 0.05393719673156738
bwd 0 1591350897.621141 0.07913637161254883
recvacts 0 1591350897.7005622 1.430511474609375e-06
fwd 0 1591350897.700575 0.054248809814453125
bwd 0 1591350897.7549286 0.08019590377807617
recvacts 0 1591350897.8353567 7.152557373046875e-07
fwd 0 1591350897.835367 0.053992509841918945
bwd 0 1591350897.8894515 0.07932806015014648
recvacts 0 1591350897.9690564 4.76837158203125e-07
fwd 0 1591350897.9690661 0.05398964881896973
bwd 0 1591350898.0231576 0.07894539833068848
recvacts 0 1591350898.1023808 4.76837158203125e-07
fwd 0 1591350898.1023908 0.05400204658508301
bwd 0 1591350898.156487 0.08094954490661621
recvacts 0 1591350898.2377458 7.152557373046875e-07
fwd 0 1591350898.2377565 0.0540156364440918
bwd 0 1591350898.291867 0.07896852493286133
recvacts 0 1591350898.3710718 7.152557373046875e-07
fwd 0 1591350898.3710825 0.053978681564331055
bwd 0 1591350898.4251606 0.07902288436889648
recvacts 0 1591350898.504451 7.152557373046875e-07
fwd 0 1591350898.5044618 0.05401945114135742
bwd 0 1591350898.5585828 0.0792233943939209
recvacts 0 1591350898.6381238 9.5367431640625e-07
fwd 0 1591350898.6381366 0.05413627624511719
bwd 0 1591350898.6923766 0.07919549942016602
recvacts 0 1591350898.7718983 9.5367431640625e-07
fwd 0 1591350898.7719111 0.05412721633911133
bwd 0 1591350898.8261595 0.07930326461791992
recvacts 0 1591350898.9057536 9.5367431640625e-07
fwd 0 1591350898.905767 0.054119110107421875
bwd 0 1591350898.9599826 0.07900023460388184
recvacts 0 1591350899.0392299 9.5367431640625e-07
fwd 0 1591350899.0392418 0.053946495056152344
bwd 0 1591350899.0932834 0.07941555976867676
recvacts 0 1591350899.1729667 7.152557373046875e-07
fwd 0 1591350899.1729777 0.05412483215332031
bwd 0 1591350899.2272112 0.07960057258605957
recvacts 0 1591350899.3071117 7.152557373046875e-07
fwd 0 1591350899.307124 0.05463671684265137
bwd 0 1591350899.3618727 0.08109211921691895
recvacts 0 1591350899.443278 7.152557373046875e-07
fwd 0 1591350899.443292 0.05569863319396973
bwd 0 1591350899.4990854 0.08037734031677246
recvacts 0 1591350899.5798311 7.152557373046875e-07
fwd 0 1591350899.5798442 0.05575203895568848
bwd 0 1591350899.6357129 0.07926464080810547
recvacts 0 1591350899.7152445 7.152557373046875e-07
fwd 0 1591350899.7152588 0.0541384220123291
bwd 0 1591350899.7694864 0.07908797264099121
recvacts 0 1591350899.8488204 4.76837158203125e-07
fwd 0 1591350899.84883 0.053847312927246094
bwd 0 1591350899.902761 0.07895493507385254
recvacts 0 1591350899.9819975 9.5367431640625e-07
fwd 0 1591350899.982008 0.05419611930847168
bwd 0 1591350900.0363097 0.07928967475891113
SYNC! all_reduce 163109376 1591350900.116655 0.6096067428588867
overflow sync 1591350900.7265067 4.76837158203125e-07
SYNC! all-reduce time 1.342210054397583

BATCH END 1591350895.2800796 6.177987575531006

start time 1591350901.475361
recvacts 0 1591350901.4754944 4.76837158203125e-07
fwd 0 1591350901.4755056 0.05449485778808594
bwd 0 1591350901.5300987 0.07952380180358887
recvacts 0 1591350901.609889 7.152557373046875e-07
fwd 0 1591350901.6099007 0.05408143997192383
bwd 0 1591350901.6640763 0.07904601097106934
recvacts 0 1591350901.7433581 9.5367431640625e-07
fwd 0 1591350901.7433684 0.0539548397064209
bwd 0 1591350901.7974172 0.0788877010345459
recvacts 0 1591350901.8765419 9.5367431640625e-07
fwd 0 1591350901.876552 0.053948163986206055
bwd 0 1591350901.9306107 0.0788888931274414
recvacts 0 1591350902.009794 7.152557373046875e-07
fwd 0 1591350902.009804 0.05398058891296387
bwd 0 1591350902.063878 0.07901406288146973
recvacts 0 1591350902.143126 7.152557373046875e-07
fwd 0 1591350902.1431363 0.05400586128234863
bwd 0 1591350902.1972358 0.07892560958862305
recvacts 0 1591350902.2764611 4.76837158203125e-07
fwd 0 1591350902.2764716 0.05401206016540527
bwd 0 1591350902.3305945 0.07892680168151855
recvacts 0 1591350902.4097605 7.152557373046875e-07
fwd 0 1591350902.4097703 0.05385851860046387
bwd 0 1591350902.463712 0.07894253730773926
recvacts 0 1591350902.54297 7.152557373046875e-07
fwd 0 1591350902.542981 0.054013729095458984
bwd 0 1591350902.5970902 0.07900738716125488
recvacts 0 1591350902.6763732 4.76837158203125e-07
fwd 0 1591350902.676384 0.05404973030090332
bwd 0 1591350902.7305305 0.07960391044616699
recvacts 0 1591350902.8103878 7.152557373046875e-07
fwd 0 1591350902.8103988 0.05406785011291504
bwd 0 1591350902.864637 0.07905459403991699
recvacts 0 1591350902.9439301 7.152557373046875e-07
fwd 0 1591350902.9439404 0.05408215522766113
bwd 0 1591350902.9981232 0.0791172981262207
recvacts 0 1591350903.0774994 7.152557373046875e-07
fwd 0 1591350903.0775104 0.05402731895446777
bwd 0 1591350903.131631 0.07914876937866211
recvacts 0 1591350903.2110445 4.76837158203125e-07
fwd 0 1591350903.211055 0.053899526596069336
bwd 0 1591350903.2650392 0.0791482925415039
recvacts 0 1591350903.3444452 4.76837158203125e-07
fwd 0 1591350903.3444552 0.05385541915893555
bwd 0 1591350903.398394 0.07906174659729004
recvacts 0 1591350903.4777236 4.76837158203125e-07
fwd 0 1591350903.477734 0.05386471748352051
bwd 0 1591350903.5316885 0.07901740074157715
recvacts 0 1591350903.610943 4.76837158203125e-07
fwd 0 1591350903.6109521 0.05382943153381348
bwd 0 1591350903.6648643 0.0790567398071289
recvacts 0 1591350903.7441587 4.76837158203125e-07
fwd 0 1591350903.7441683 0.05383777618408203
bwd 0 1591350903.7980888 0.0790410041809082
recvacts 0 1591350903.8773675 4.76837158203125e-07
fwd 0 1591350903.877377 0.05384087562561035
bwd 0 1591350903.9313042 0.07904958724975586
recvacts 0 1591350904.0105882 4.76837158203125e-07
fwd 0 1591350904.0105984 0.05385947227478027
bwd 0 1591350904.0645537 0.07916522026062012
recvacts 0 1591350904.1439588 2.384185791015625e-07
fwd 0 1591350904.143968 0.05406475067138672
bwd 0 1591350904.198116 0.07944893836975098
recvacts 0 1591350904.2778025 4.76837158203125e-07
fwd 0 1591350904.2778122 0.05383801460266113
bwd 0 1591350904.3317363 0.08099102973937988
recvacts 0 1591350904.4130807 4.76837158203125e-07
fwd 0 1591350904.4130936 0.05399894714355469
bwd 0 1591350904.4671757 0.07903861999511719
recvacts 0 1591350904.5464685 7.152557373046875e-07
fwd 0 1591350904.5464783 0.05383634567260742
bwd 0 1591350904.6004014 0.07928156852722168
recvacts 0 1591350904.67998 7.152557373046875e-07
fwd 0 1591350904.6799915 0.0539853572845459
bwd 0 1591350904.7340767 0.07950305938720703
recvacts 0 1591350904.8139005 1.1920928955078125e-06
fwd 0 1591350904.8139124 0.05410194396972656
bwd 0 1591350904.868119 0.07949233055114746
recvacts 0 1591350904.9478974 7.152557373046875e-07
fwd 0 1591350904.9479086 0.05398893356323242
bwd 0 1591350905.0019927 0.07912373542785645
recvacts 0 1591350905.0813582 4.76837158203125e-07
fwd 0 1591350905.0813682 0.05393338203430176
bwd 0 1591350905.1353853 0.07898402214050293
recvacts 0 1591350905.2146077 7.152557373046875e-07
fwd 0 1591350905.214617 0.05386090278625488
bwd 0 1591350905.268561 0.07910418510437012
recvacts 0 1591350905.3479073 4.76837158203125e-07
fwd 0 1591350905.3479195 0.053948163986206055
bwd 0 1591350905.401949 0.07895755767822266
recvacts 0 1591350905.481182 7.152557373046875e-07
fwd 0 1591350905.4811912 0.05388450622558594
bwd 0 1591350905.5351603 0.07899260520935059
recvacts 0 1591350905.614445 7.152557373046875e-07
fwd 0 1591350905.614466 0.05387401580810547
bwd 0 1591350905.668424 0.07897639274597168
SYNC! all_reduce 163109376 1591350905.7483528 0.00040078163146972656
overflow sync 1591350905.7488427 2.384185791015625e-07
SYNC! all-reduce time 0.5869193077087402

BATCH END 1591350901.4754531 4.859116554260254

start time 1591350906.3519535
recvacts 0 1591350906.3520377 2.384185791015625e-07
fwd 0 1591350906.3520474 0.054154396057128906
bwd 0 1591350906.4062922 0.07906007766723633
recvacts 0 1591350906.4856584 7.152557373046875e-07
fwd 0 1591350906.4856706 0.054052114486694336
bwd 0 1591350906.5398185 0.07922077178955078
recvacts 0 1591350906.61933 9.5367431640625e-07
fwd 0 1591350906.619342 0.053948163986206055
bwd 0 1591350906.6733763 0.07905960083007812
recvacts 0 1591350906.7527072 9.5367431640625e-07
fwd 0 1591350906.752718 0.05388188362121582
bwd 0 1591350906.8066888 0.0790860652923584
recvacts 0 1591350906.886062 4.76837158203125e-07
fwd 0 1591350906.8860724 0.05385637283325195
bwd 0 1591350906.9400253 0.07942032814025879
recvacts 0 1591350907.0199199 7.152557373046875e-07
fwd 0 1591350907.019935 0.05411076545715332
bwd 0 1591350907.0741315 0.07899665832519531
recvacts 0 1591350907.1533642 4.76837158203125e-07
fwd 0 1591350907.1533737 0.05384635925292969
bwd 0 1591350907.207306 0.07904672622680664
recvacts 0 1591350907.2866225 4.76837158203125e-07
fwd 0 1591350907.2866335 0.05392956733703613
bwd 0 1591350907.3406491 0.07909822463989258
recvacts 0 1591350907.4199865 4.76837158203125e-07
fwd 0 1591350907.4199967 0.05392146110534668
bwd 0 1591350907.4740062 0.07913398742675781
recvacts 0 1591350907.5534186 7.152557373046875e-07
fwd 0 1591350907.55343 0.05379962921142578
bwd 0 1591350907.6073155 0.0790102481842041
recvacts 0 1591350907.686568 4.76837158203125e-07
fwd 0 1591350907.6865783 0.05373835563659668
bwd 0 1591350907.740433 0.07889199256896973
recvacts 0 1591350907.8196123 4.76837158203125e-07
fwd 0 1591350907.8196218 0.053940534591674805
bwd 0 1591350907.8737938 0.07912230491638184
recvacts 0 1591350907.9531684 4.76837158203125e-07
fwd 0 1591350907.9531791 0.05392336845397949
bwd 0 1591350908.0071867 0.07909369468688965
recvacts 0 1591350908.086569 4.76837158203125e-07
fwd 0 1591350908.0865788 0.05382084846496582
bwd 0 1591350908.140481 0.0789647102355957
recvacts 0 1591350908.219721 4.76837158203125e-07
fwd 0 1591350908.2197304 0.0539250373840332
bwd 0 1591350908.2737417 0.07894253730773926
recvacts 0 1591350908.3529184 7.152557373046875e-07
fwd 0 1591350908.3529277 0.054154396057128906
bwd 0 1591350908.4071708 0.07924818992614746
recvacts 0 1591350908.4867182 7.152557373046875e-07
fwd 0 1591350908.4867294 0.053989410400390625
bwd 0 1591350908.5408156 0.07919788360595703
recvacts 0 1591350908.6203132 9.5367431640625e-07
fwd 0 1591350908.620325 0.054526329040527344
bwd 0 1591350908.6749547 0.07929635047912598
recvacts 0 1591350908.754574 7.152557373046875e-07
fwd 0 1591350908.7545855 0.054125308990478516
bwd 0 1591350908.808826 0.07930946350097656
recvacts 0 1591350908.8884478 7.152557373046875e-07
fwd 0 1591350908.8884616 0.05399203300476074
bwd 0 1591350908.9425404 0.07907795906066895
recvacts 0 1591350909.0218718 9.5367431640625e-07
fwd 0 1591350909.0218825 0.0538935661315918
bwd 0 1591350909.075862 0.07905030250549316
recvacts 0 1591350909.1551511 7.152557373046875e-07
fwd 0 1591350909.155161 0.053934574127197266
bwd 0 1591350909.2092347 0.07895183563232422
recvacts 0 1591350909.2884526 4.76837158203125e-07
fwd 0 1591350909.2884624 0.05379176139831543
bwd 0 1591350909.3423483 0.07891178131103516
recvacts 0 1591350909.4214966 4.76837158203125e-07
fwd 0 1591350909.4215064 0.0540158748626709
bwd 0 1591350909.4756222 0.0792074203491211
recvacts 0 1591350909.5551004 4.76837158203125e-07
fwd 0 1591350909.5551124 0.05388212203979492
bwd 0 1591350909.6090806 0.07908439636230469
recvacts 0 1591350909.6884348 7.152557373046875e-07
fwd 0 1591350909.6884458 0.05394887924194336
bwd 0 1591350909.7424862 0.07899928092956543
recvacts 0 1591350909.821724 4.76837158203125e-07
fwd 0 1591350909.8217337 0.05390286445617676
bwd 0 1591350909.875722 0.0789649486541748
recvacts 0 1591350909.954961 7.152557373046875e-07
fwd 0 1591350909.9549704 0.05377697944641113
bwd 0 1591350910.008829 0.07894158363342285
recvacts 0 1591350910.0880046 4.76837158203125e-07
fwd 0 1591350910.088014 0.05382966995239258
bwd 0 1591350910.1419256 0.07891178131103516
recvacts 0 1591350910.2210743 7.152557373046875e-07
fwd 0 1591350910.221089 0.05385637283325195
bwd 0 1591350910.2750309 0.07923412322998047
recvacts 0 1591350910.3546178 9.5367431640625e-07
fwd 0 1591350910.3546302 0.05393838882446289
bwd 0 1591350910.4086535 0.07900786399841309
recvacts 0 1591350910.4879014 4.76837158203125e-07
fwd 0 1591350910.487911 0.05388307571411133
bwd 0 1591350910.5418818 0.07916951179504395
SYNC! all_reduce 163109376 1591350910.6235275 0.0005872249603271484
overflow sync 1591350910.6242037 0.0
SYNC! all-reduce time 0.5893528461456299

BATCH END 1591350906.3520184 4.859414577484131

start time 1591461689.7865682
recvacts 0 1591461689.7867684 7.152557373046875e-07
fwd 0 1591461689.7867796 0.38886523246765137
bwd 0 1591461690.1758022 0.08590435981750488
recvacts 0 1591461690.261954 4.76837158203125e-07
fwd 0 1591461690.2619781 0.054413557052612305
bwd 0 1591461690.3164823 0.07974791526794434
recvacts 0 1591461690.396517 4.76837158203125e-07
fwd 0 1591461690.3965278 0.05410456657409668
bwd 0 1591461690.4507282 0.07973456382751465
recvacts 0 1591461690.5308168 7.152557373046875e-07
fwd 0 1591461690.5308273 0.05431556701660156
bwd 0 1591461690.5852463 0.07987046241760254
recvacts 0 1591461690.6654751 4.76837158203125e-07
fwd 0 1591461690.665486 0.05466055870056152
bwd 0 1591461690.7202637 0.07991671562194824
recvacts 0 1591461690.8005486 7.152557373046875e-07
fwd 0 1591461690.8005612 0.05430340766906738
bwd 0 1591461690.8549771 0.0793766975402832
recvacts 0 1591461690.9347684 7.152557373046875e-07
fwd 0 1591461690.9347794 0.054440975189208984
bwd 0 1591461690.9893084 0.07919859886169434
recvacts 0 1591461691.0687418 7.152557373046875e-07
fwd 0 1591461691.068751 0.053850412368774414
bwd 0 1591461691.1226957 0.07880282402038574
recvacts 0 1591461691.2017298 4.76837158203125e-07
fwd 0 1591461691.201739 0.05382394790649414
bwd 0 1591461691.2556462 0.07908248901367188
recvacts 0 1591461691.3350632 9.5367431640625e-07
fwd 0 1591461691.3350737 0.053804874420166016
bwd 0 1591461691.3889816 0.07888627052307129
recvacts 0 1591461691.468103 4.76837158203125e-07
fwd 0 1591461691.4681118 0.05372905731201172
bwd 0 1591461691.521931 0.07913613319396973
recvacts 0 1591461691.601299 4.76837158203125e-07
fwd 0 1591461691.6013079 0.05375957489013672
bwd 0 1591461691.6551516 0.07883834838867188
recvacts 0 1591461691.7342203 4.76837158203125e-07
fwd 0 1591461691.734229 0.05377984046936035
bwd 0 1591461691.7880948 0.07882976531982422
recvacts 0 1591461691.8671625 4.76837158203125e-07
fwd 0 1591461691.8671713 0.053693294525146484
bwd 0 1591461691.9209607 0.07881426811218262
recvacts 0 1591461692.0000143 4.76837158203125e-07
fwd 0 1591461692.0000238 0.05380415916442871
bwd 0 1591461692.053915 0.07900309562683105
recvacts 0 1591461692.133184 4.76837158203125e-07
fwd 0 1591461692.1331935 0.05381608009338379
bwd 0 1591461692.1870942 0.0789191722869873
recvacts 0 1591461692.266249 2.384185791015625e-07
fwd 0 1591461692.2662582 0.05382204055786133
bwd 0 1591461692.3201632 0.07891058921813965
recvacts 0 1591461692.3993058 4.76837158203125e-07
fwd 0 1591461692.3993149 0.05379676818847656
bwd 0 1591461692.4532056 0.07893681526184082
recvacts 0 1591461692.5323753 4.76837158203125e-07
fwd 0 1591461692.5323853 0.05385947227478027
bwd 0 1591461692.5863297 0.07886910438537598
recvacts 0 1591461692.6654456 7.152557373046875e-07
fwd 0 1591461692.665455 0.053810834884643555
bwd 0 1591461692.7193549 0.07882213592529297
recvacts 0 1591461692.7984095 2.384185791015625e-07
fwd 0 1591461692.7984188 0.05382800102233887
bwd 0 1591461692.852345 0.0788886547088623
recvacts 0 1591461692.9314654 2.384185791015625e-07
fwd 0 1591461692.9314744 0.053822994232177734
bwd 0 1591461692.9853804 0.07888436317443848
recvacts 0 1591461693.0644994 4.76837158203125e-07
fwd 0 1591461693.0645084 0.05384469032287598
bwd 0 1591461693.1184354 0.07886910438537598
recvacts 0 1591461693.197535 4.76837158203125e-07
fwd 0 1591461693.1975436 0.05375528335571289
bwd 0 1591461693.251381 0.07877969741821289
recvacts 0 1591461693.3303933 4.76837158203125e-07
fwd 0 1591461693.3304021 0.05385279655456543
bwd 0 1591461693.3843458 0.07884788513183594
recvacts 0 1591461693.4634264 2.384185791015625e-07
fwd 0 1591461693.463435 0.05384063720703125
bwd 0 1591461693.5173604 0.07889366149902344
recvacts 0 1591461693.596505 4.76837158203125e-07
fwd 0 1591461693.5965135 0.05384087562561035
bwd 0 1591461693.6504421 0.07922673225402832
recvacts 0 1591461693.729949 4.76837158203125e-07
fwd 0 1591461693.7299597 0.05401921272277832
bwd 0 1591461693.7840655 0.07910537719726562
recvacts 0 1591461693.8634052 7.152557373046875e-07
fwd 0 1591461693.8634143 0.05384969711303711
bwd 0 1591461693.917347 0.07885169982910156
recvacts 0 1591461693.9964843 4.76837158203125e-07
fwd 0 1591461693.996495 0.053957223892211914
bwd 0 1591461694.0505748 0.0791621208190918
recvacts 0 1591461694.1300068 4.76837158203125e-07
fwd 0 1591461694.1300197 0.05398964881896973
bwd 0 1591461694.184093 0.07884025573730469
recvacts 0 1591461694.2631721 4.76837158203125e-07
fwd 0 1591461694.263181 0.053824424743652344
bwd 0 1591461694.3170912 0.07880353927612305
SYNC! all_reduce 163109376 1591461694.3969626 0.7279465198516846
overflow sync 1591461695.1251106 2.384185791015625e-07
SYNC! all-reduce time 1.5567917823791504

BATCH END 1591461689.7867281 6.166194438934326

start time 1591461695.9706523
recvacts 0 1591461695.9707427 4.76837158203125e-07
fwd 0 1591461695.9707522 0.054622650146484375
bwd 0 1591461696.0254867 0.0797429084777832
recvacts 0 1591461696.1057625 9.5367431640625e-07
fwd 0 1591461696.1057744 0.054273128509521484
bwd 0 1591461696.1601512 0.07926106452941895
recvacts 0 1591461696.2396839 7.152557373046875e-07
fwd 0 1591461696.2396958 0.05396127700805664
bwd 0 1591461696.293743 0.07900619506835938
recvacts 0 1591461696.3730159 4.76837158203125e-07
fwd 0 1591461696.3730266 0.053922414779663086
bwd 0 1591461696.4270394 0.07900238037109375
recvacts 0 1591461696.5063381 4.76837158203125e-07
fwd 0 1591461696.506349 0.05379033088684082
bwd 0 1591461696.5602276 0.07892632484436035
recvacts 0 1591461696.6394014 4.76837158203125e-07
fwd 0 1591461696.6394114 0.053884029388427734
bwd 0 1591461696.6933813 0.07896113395690918
recvacts 0 1591461696.7725809 4.76837158203125e-07
fwd 0 1591461696.7725909 0.05379462242126465
bwd 0 1591461696.8264709 0.07891535758972168
recvacts 0 1591461696.9056187 2.384185791015625e-07
fwd 0 1591461696.90563 0.053869009017944336
bwd 0 1591461696.9595897 0.07932877540588379
recvacts 0 1591461697.039203 2.384185791015625e-07
fwd 0 1591461697.039213 0.05387425422668457
bwd 0 1591461697.0931706 0.0788412094116211
recvacts 0 1591461697.1722531 4.76837158203125e-07
fwd 0 1591461697.1722624 0.05385184288024902
bwd 0 1591461697.2261999 0.07880949974060059
recvacts 0 1591461697.30524 2.384185791015625e-07
fwd 0 1591461697.3052487 0.05381512641906738
bwd 0 1591461697.359152 0.07885003089904785
recvacts 0 1591461697.4382715 4.76837158203125e-07
fwd 0 1591461697.438281 0.053833723068237305
bwd 0 1591461697.492198 0.07887578010559082
recvacts 0 1591461697.5713077 4.76837158203125e-07
fwd 0 1591461697.5713167 0.05376553535461426
bwd 0 1591461697.6251676 0.07886552810668945
recvacts 0 1591461697.7042756 7.152557373046875e-07
fwd 0 1591461697.7042844 0.05381655693054199
bwd 0 1591461697.7581854 0.07887935638427734
recvacts 0 1591461697.8373046 2.384185791015625e-07
fwd 0 1591461697.8373137 0.05379891395568848
bwd 0 1591461697.8911972 0.07886409759521484
recvacts 0 1591461697.9702923 4.76837158203125e-07
fwd 0 1591461697.9703014 0.05377197265625
bwd 0 1591461698.0241566 0.0789029598236084
recvacts 0 1591461698.1032927 4.76837158203125e-07
fwd 0 1591461698.1033015 0.05391693115234375
bwd 0 1591461698.157302 0.0789790153503418
recvacts 0 1591461698.2365296 4.76837158203125e-07
fwd 0 1591461698.2365394 0.053777456283569336
bwd 0 1591461698.2904012 0.07886004447937012
recvacts 0 1591461698.369498 7.152557373046875e-07
fwd 0 1591461698.3695066 0.05379962921142578
bwd 0 1591461698.4233918 0.07905197143554688
recvacts 0 1591461698.502708 4.76837158203125e-07
fwd 0 1591461698.5027182 0.05391645431518555
bwd 0 1591461698.5567474 0.07932376861572266
recvacts 0 1591461698.6363206 4.76837158203125e-07
fwd 0 1591461698.6363306 0.05391550064086914
bwd 0 1591461698.690361 0.07911515235900879
recvacts 0 1591461698.769742 9.5367431640625e-07
fwd 0 1591461698.7697542 0.0539858341217041
bwd 0 1591461698.823824 0.0791316032409668
recvacts 0 1591461698.9032724 7.152557373046875e-07
fwd 0 1591461698.903283 0.05403399467468262
bwd 0 1591461698.9574144 0.07937121391296387
recvacts 0 1591461699.0372145 4.76837158203125e-07
fwd 0 1591461699.0372255 0.05392789840698242
bwd 0 1591461699.09124 0.07906007766723633
recvacts 0 1591461699.1705685 4.76837158203125e-07
fwd 0 1591461699.1705794 0.05382585525512695
bwd 0 1591461699.2244995 0.07888102531433105
recvacts 0 1591461699.303612 2.384185791015625e-07
fwd 0 1591461699.303621 0.053821563720703125
bwd 0 1591461699.3575258 0.07881665229797363
recvacts 0 1591461699.436573 4.76837158203125e-07
fwd 0 1591461699.4365819 0.05382347106933594
bwd 0 1591461699.490491 0.07887005805969238
recvacts 0 1591461699.5695915 4.76837158203125e-07
fwd 0 1591461699.5696006 0.053879737854003906
bwd 0 1591461699.6235669 0.07910895347595215
recvacts 0 1591461699.702957 4.76837158203125e-07
fwd 0 1591461699.7029676 0.05394601821899414
bwd 0 1591461699.7570095 0.07952189445495605
recvacts 0 1591461699.8369093 9.5367431640625e-07
fwd 0 1591461699.836938 0.05422687530517578
bwd 0 1591461699.8912916 0.07950663566589355
recvacts 0 1591461699.971067 7.152557373046875e-07
fwd 0 1591461699.9710808 0.05398821830749512
bwd 0 1591461700.0251658 0.07902908325195312
recvacts 0 1591461700.1045406 7.152557373046875e-07
fwd 0 1591461700.1045518 0.054833412170410156
bwd 0 1591461700.159485 0.07921218872070312
SYNC! all_reduce 163109376 1591461700.2397597 0.00023674964904785156
overflow sync 1591461700.240086 0.0
SYNC! all-reduce time 0.6274697780609131

BATCH END 1591461695.9707205 4.895761251449585

start time 1591461700.8817286
recvacts 0 1591461700.8818185 7.152557373046875e-07
fwd 0 1591461700.8818288 0.05721092224121094
bwd 0 1591461700.9391286 0.0787496566772461
recvacts 0 1591461701.0181186 4.76837158203125e-07
fwd 0 1591461701.0181286 0.05389738082885742
bwd 0 1591461701.072111 0.07886934280395508
recvacts 0 1591461701.151215 4.76837158203125e-07
fwd 0 1591461701.1512244 0.05382132530212402
bwd 0 1591461701.2051296 0.07885169982910156
recvacts 0 1591461701.284212 7.152557373046875e-07
fwd 0 1591461701.2842212 0.0537724494934082
bwd 0 1591461701.3380787 0.07891345024108887
recvacts 0 1591461701.4172409 2.384185791015625e-07
fwd 0 1591461701.4172502 0.05380964279174805
bwd 0 1591461701.471147 0.0789954662322998
recvacts 0 1591461701.5503879 7.152557373046875e-07
fwd 0 1591461701.5503976 0.05380535125732422
bwd 0 1591461701.6043005 0.0790104866027832
recvacts 0 1591461701.6835985 4.76837158203125e-07
fwd 0 1591461701.683624 0.05393481254577637
bwd 0 1591461701.7376564 0.07890081405639648
recvacts 0 1591461701.8168185 4.76837158203125e-07
fwd 0 1591461701.8168275 0.053853511810302734
bwd 0 1591461701.870764 0.07887601852416992
recvacts 0 1591461701.949877 4.76837158203125e-07
fwd 0 1591461701.9498863 0.053725242614746094
bwd 0 1591461702.0036952 0.07893610000610352
recvacts 0 1591461702.0828736 4.76837158203125e-07
fwd 0 1591461702.082883 0.05382084846496582
bwd 0 1591461702.1367912 0.07917904853820801
recvacts 0 1591461702.216324 7.152557373046875e-07
fwd 0 1591461702.2163348 0.054006338119506836
bwd 0 1591461702.2704356 0.07915902137756348
recvacts 0 1591461702.3498473 4.76837158203125e-07
fwd 0 1591461702.349858 0.053899526596069336
bwd 0 1591461702.4039407 0.07922697067260742
recvacts 0 1591461702.483442 7.152557373046875e-07
fwd 0 1591461702.483452 0.05389523506164551
bwd 0 1591461702.5374517 0.07920384407043457
recvacts 0 1591461702.6169066 9.5367431640625e-07
fwd 0 1591461702.6169186 0.05377531051635742
bwd 0 1591461702.6707783 0.07890677452087402
recvacts 0 1591461702.7499268 7.152557373046875e-07
fwd 0 1591461702.7499359 0.05389142036437988
bwd 0 1591461702.8039157 0.07904505729675293
recvacts 0 1591461702.8832748 4.76837158203125e-07
fwd 0 1591461702.8832862 0.05386066436767578
bwd 0 1591461702.937237 0.07888627052307129
recvacts 0 1591461703.016374 4.76837158203125e-07
fwd 0 1591461703.016383 0.053879499435424805
bwd 0 1591461703.0703456 0.0789942741394043
recvacts 0 1591461703.1496234 7.152557373046875e-07
fwd 0 1591461703.1496346 0.05380725860595703
bwd 0 1591461703.2035291 0.07905888557434082
recvacts 0 1591461703.2828302 7.152557373046875e-07
fwd 0 1591461703.2828395 0.05490589141845703
bwd 0 1591461703.3379233 0.07908892631530762
recvacts 0 1591461703.417266 7.152557373046875e-07
fwd 0 1591461703.4172778 0.05402994155883789
bwd 0 1591461703.471392 0.0789189338684082
recvacts 0 1591461703.5506365 4.76837158203125e-07
fwd 0 1591461703.5506463 0.05371904373168945
bwd 0 1591461703.6044564 0.07897710800170898
recvacts 0 1591461703.6837356 4.76837158203125e-07
fwd 0 1591461703.6837447 0.05419301986694336
bwd 0 1591461703.7380402 0.07895469665527344
recvacts 0 1591461703.8172696 4.76837158203125e-07
fwd 0 1591461703.8172789 0.053823232650756836
bwd 0 1591461703.871194 0.07894039154052734
recvacts 0 1591461703.9503727 4.76837158203125e-07
fwd 0 1591461703.9503815 0.0537867546081543
bwd 0 1591461704.0042675 0.07905173301696777
recvacts 0 1591461704.0836294 4.76837158203125e-07
fwd 0 1591461704.08364 0.05386090278625488
bwd 0 1591461704.1376169 0.07900762557983398
recvacts 0 1591461704.2168581 4.76837158203125e-07
fwd 0 1591461704.2168667 0.053725481033325195
bwd 0 1591461704.2706826 0.07880616188049316
recvacts 0 1591461704.349732 4.76837158203125e-07
fwd 0 1591461704.3497407 0.05383920669555664
bwd 0 1591461704.40367 0.07880783081054688
recvacts 0 1591461704.4827092 4.76837158203125e-07
fwd 0 1591461704.4827182 0.053826093673706055
bwd 0 1591461704.5366364 0.07892727851867676
recvacts 0 1591461704.6158054 4.76837158203125e-07
fwd 0 1591461704.6158152 0.05388307571411133
bwd 0 1591461704.669789 0.07909035682678223
recvacts 0 1591461704.7491531 4.76837158203125e-07
fwd 0 1591461704.749176 0.05400657653808594
bwd 0 1591461704.803281 0.07905149459838867
recvacts 0 1591461704.8826108 4.76837158203125e-07
fwd 0 1591461704.8826203 0.05390119552612305
bwd 0 1591461704.9366126 0.07878971099853516
recvacts 0 1591461705.0156603 4.76837158203125e-07
fwd 0 1591461705.0156696 0.05384492874145508
bwd 0 1591461705.0696096 0.07886815071105957
SYNC! all_reduce 163109376 1591461705.1494694 0.0001964569091796875
overflow sync 1591461705.1497593 2.384185791015625e-07
SYNC! all-reduce time 0.5997436046600342

BATCH END 1591461700.8817997 4.866708040237427

start time 1591487151.7069654
recvacts 0 1591487151.7071834 7.152557373046875e-07
fwd 0 1591487151.707194 0.3471255302429199
bwd 0 1591487152.0544899 0.0864419937133789
recvacts 0 1591487152.1412091 4.76837158203125e-07
fwd 0 1591487152.1412375 0.05584073066711426
bwd 0 1591487152.1971781 0.07970690727233887
recvacts 0 1591487152.2771175 4.76837158203125e-07
fwd 0 1591487152.2771273 0.054338693618774414
bwd 0 1591487152.331562 0.0793459415435791
recvacts 0 1591487152.411142 7.152557373046875e-07
fwd 0 1591487152.4111516 0.05396461486816406
bwd 0 1591487152.4652102 0.07896780967712402
recvacts 0 1591487152.544439 7.152557373046875e-07
fwd 0 1591487152.5444493 0.05410432815551758
bwd 0 1591487152.5986488 0.07922172546386719
recvacts 0 1591487152.678107 7.152557373046875e-07
fwd 0 1591487152.678117 0.054192543029785156
bwd 0 1591487152.7324042 0.07900595664978027
recvacts 0 1591487152.8116443 7.152557373046875e-07
fwd 0 1591487152.811654 0.054038047790527344
bwd 0 1591487152.8657858 0.07891607284545898
recvacts 0 1591487152.9449337 7.152557373046875e-07
fwd 0 1591487152.9449432 0.053880929946899414
bwd 0 1591487152.9989183 0.07892918586730957
recvacts 0 1591487153.0780795 4.76837158203125e-07
fwd 0 1591487153.0780895 0.053948402404785156
bwd 0 1591487153.132134 0.07893252372741699
recvacts 0 1591487153.2113867 7.152557373046875e-07
fwd 0 1591487153.2113972 0.05408525466918945
bwd 0 1591487153.2655766 0.07885956764221191
recvacts 0 1591487153.3447084 4.76837158203125e-07
fwd 0 1591487153.3447182 0.05448317527770996
bwd 0 1591487153.3992975 0.07885193824768066
recvacts 0 1591487153.4783812 4.76837158203125e-07
fwd 0 1591487153.478391 0.05398368835449219
bwd 0 1591487153.5324693 0.07883739471435547
recvacts 0 1591487153.611538 4.76837158203125e-07
fwd 0 1591487153.611548 0.05406451225280762
bwd 0 1591487153.6657095 0.07913398742675781
recvacts 0 1591487153.7450905 4.76837158203125e-07
fwd 0 1591487153.745101 0.05383753776550293
bwd 0 1591487153.799024 0.07910943031311035
recvacts 0 1591487153.8784542 1.9073486328125e-06
fwd 0 1591487153.8784676 0.05409526824951172
bwd 0 1591487153.9326575 0.0791165828704834
recvacts 0 1591487154.0120785 4.76837158203125e-07
fwd 0 1591487154.0120895 0.053928375244140625
bwd 0 1591487154.0661082 0.07910013198852539
recvacts 0 1591487154.1454558 7.152557373046875e-07
fwd 0 1591487154.145466 0.05402398109436035
bwd 0 1591487154.1995864 0.0789175033569336
recvacts 0 1591487154.2787392 4.76837158203125e-07
fwd 0 1591487154.278749 0.05394864082336426
bwd 0 1591487154.3327928 0.07891845703125
recvacts 0 1591487154.411946 7.152557373046875e-07
fwd 0 1591487154.4119554 0.053934574127197266
bwd 0 1591487154.4659843 0.07888031005859375
recvacts 0 1591487154.5451043 7.152557373046875e-07
fwd 0 1591487154.5451152 0.05387544631958008
bwd 0 1591487154.5990846 0.07889723777770996
recvacts 0 1591487154.6782436 4.76837158203125e-07
fwd 0 1591487154.6782532 0.05395197868347168
bwd 0 1591487154.7323031 0.07901215553283691
recvacts 0 1591487154.8115768 7.152557373046875e-07
fwd 0 1591487154.811587 0.05394172668457031
bwd 0 1591487154.8656216 0.07911205291748047
recvacts 0 1591487154.945022 9.5367431640625e-07
fwd 0 1591487154.945034 0.05389070510864258
bwd 0 1591487154.9990196 0.0789036750793457
recvacts 0 1591487155.078174 7.152557373046875e-07
fwd 0 1591487155.078184 0.053863525390625
bwd 0 1591487155.1321592 0.07889032363891602
recvacts 0 1591487155.2113457 7.152557373046875e-07
fwd 0 1591487155.2113562 0.05399322509765625
bwd 0 1591487155.265444 0.07889270782470703
recvacts 0 1591487155.3445892 4.76837158203125e-07
fwd 0 1591487155.3445997 0.053923845291137695
bwd 0 1591487155.398619 0.07894492149353027
recvacts 0 1591487155.4777973 7.152557373046875e-07
fwd 0 1591487155.4778068 0.05393791198730469
bwd 0 1591487155.5318403 0.07894349098205566
recvacts 0 1591487155.6110275 4.76837158203125e-07
fwd 0 1591487155.6110377 0.05402827262878418
bwd 0 1591487155.6651893 0.07885599136352539
recvacts 0 1591487155.7443202 9.5367431640625e-07
fwd 0 1591487155.7443311 0.05395817756652832
bwd 0 1591487155.7983916 0.07934260368347168
recvacts 0 1591487155.8780198 4.76837158203125e-07
fwd 0 1591487155.878033 0.05385017395019531
bwd 0 1591487155.9319723 0.0790414810180664
recvacts 0 1591487156.0113146 4.76837158203125e-07
fwd 0 1591487156.0113263 0.0538632869720459
bwd 0 1591487156.0652823 0.07894635200500488
recvacts 0 1591487156.144556 9.5367431640625e-07
fwd 0 1591487156.1445687 0.05400490760803223
bwd 0 1591487156.1986718 0.07910537719726562
SYNC! all_reduce 163109376 1591487156.279002 0.9596736431121826
overflow sync 1591487157.2388513 2.384185791015625e-07
SYNC! all-reduce time 1.8047406673431396

BATCH END 1591487151.707135 6.375644207000732

start time 1591487158.1001117
recvacts 0 1591487158.1002514 4.76837158203125e-07
fwd 0 1591487158.100262 0.054663896560668945
bwd 0 1591487158.1550174 0.07926607131958008
recvacts 0 1591487158.2345252 7.152557373046875e-07
fwd 0 1591487158.2345357 0.053890228271484375
bwd 0 1591487158.2885087 0.07888340950012207
recvacts 0 1591487158.3676157 4.76837158203125e-07
fwd 0 1591487158.3676248 0.053679704666137695
bwd 0 1591487158.4213867 0.07886600494384766
recvacts 0 1591487158.5004814 4.76837158203125e-07
fwd 0 1591487158.50049 0.05385327339172363
bwd 0 1591487158.5544307 0.0788109302520752
recvacts 0 1591487158.6334722 4.76837158203125e-07
fwd 0 1591487158.633481 0.05383563041687012
bwd 0 1591487158.6874619 0.07886195182800293
recvacts 0 1591487158.766551 4.76837158203125e-07
fwd 0 1591487158.76656 0.0537869930267334
bwd 0 1591487158.8204293 0.07879114151000977
recvacts 0 1591487158.899448 4.76837158203125e-07
fwd 0 1591487158.8994565 0.05379486083984375
bwd 0 1591487158.9533353 0.07886600494384766
recvacts 0 1591487159.0324543 4.76837158203125e-07
fwd 0 1591487159.0324633 0.05380582809448242
bwd 0 1591487159.0863504 0.07882261276245117
recvacts 0 1591487159.1653988 4.76837158203125e-07
fwd 0 1591487159.165408 0.05371904373168945
bwd 0 1591487159.2192097 0.07882237434387207
recvacts 0 1591487159.2982595 4.76837158203125e-07
fwd 0 1591487159.298268 0.05381655693054199
bwd 0 1591487159.3521667 0.07999348640441895
recvacts 0 1591487159.4324288 4.76837158203125e-07
fwd 0 1591487159.4324389 0.05393862724304199
bwd 0 1591487159.486471 0.07916951179504395
recvacts 0 1591487159.5659294 4.76837158203125e-07
fwd 0 1591487159.565942 0.05376482009887695
bwd 0 1591487159.6197903 0.07892847061157227
recvacts 0 1591487159.6989942 4.76837158203125e-07
fwd 0 1591487159.6990035 0.05380892753601074
bwd 0 1591487159.752895 0.07887554168701172
recvacts 0 1591487159.8320131 4.76837158203125e-07
fwd 0 1591487159.8320224 0.053914546966552734
bwd 0 1591487159.8860352 0.07907223701477051
recvacts 0 1591487159.965353 4.76837158203125e-07
fwd 0 1591487159.9653616 0.05378913879394531
bwd 0 1591487160.0192344 0.07901740074157715
recvacts 0 1591487160.0985086 4.76837158203125e-07
fwd 0 1591487160.0985188 0.05385112762451172
bwd 0 1591487160.1524534 0.07894754409790039
recvacts 0 1591487160.2316306 4.76837158203125e-07
fwd 0 1591487160.2316391 0.05380439758300781
bwd 0 1591487160.2855303 0.07899117469787598
recvacts 0 1591487160.364761 4.76837158203125e-07
fwd 0 1591487160.3647704 0.05386829376220703
bwd 0 1591487160.4187202 0.07899284362792969
recvacts 0 1591487160.4979851 4.76837158203125e-07
fwd 0 1591487160.4979954 0.05384087562561035
bwd 0 1591487160.5519204 0.07895898818969727
recvacts 0 1591487160.6312034 4.76837158203125e-07
fwd 0 1591487160.631215 0.05391335487365723
bwd 0 1591487160.6852238 0.07911920547485352
recvacts 0 1591487160.7646356 7.152557373046875e-07
fwd 0 1591487160.764647 0.05396699905395508
bwd 0 1591487160.8187065 0.07906007766723633
recvacts 0 1591487160.8980398 4.76837158203125e-07
fwd 0 1591487160.898052 0.05390620231628418
bwd 0 1591487160.95204 0.07884597778320312
recvacts 0 1591487161.0311818 4.76837158203125e-07
fwd 0 1591487161.031191 0.053813934326171875
bwd 0 1591487161.0850918 0.07903218269348145
recvacts 0 1591487161.164434 7.152557373046875e-07
fwd 0 1591487161.1644444 0.05395627021789551
bwd 0 1591487161.218491 0.0790247917175293
recvacts 0 1591487161.29776 4.76837158203125e-07
fwd 0 1591487161.297769 0.053894996643066406
bwd 0 1591487161.3517506 0.07891559600830078
recvacts 0 1591487161.430903 4.76837158203125e-07
fwd 0 1591487161.430912 0.05385923385620117
bwd 0 1591487161.4848557 0.07893776893615723
recvacts 0 1591487161.5640514 4.76837158203125e-07
fwd 0 1591487161.5640616 0.05380082130432129
bwd 0 1591487161.6179628 0.07889938354492188
recvacts 0 1591487161.6971188 4.76837158203125e-07
fwd 0 1591487161.6971283 0.0537717342376709
bwd 0 1591487161.7509966 0.0789480209350586
recvacts 0 1591487161.8302104 7.152557373046875e-07
fwd 0 1591487161.8302205 0.05390143394470215
bwd 0 1591487161.8842077 0.07893085479736328
recvacts 0 1591487161.963409 4.76837158203125e-07
fwd 0 1591487161.9634185 0.05373191833496094
bwd 0 1591487162.0172317 0.07883691787719727
recvacts 0 1591487162.0963116 4.76837158203125e-07
fwd 0 1591487162.0963206 0.05374503135681152
bwd 0 1591487162.1501474 0.07938432693481445
recvacts 0 1591487162.2299063 9.5367431640625e-07
fwd 0 1591487162.2299218 0.05409669876098633
bwd 0 1591487162.2841134 0.07913374900817871
SYNC! all_reduce 163109376 1591487162.364176 0.00013685226440429688
overflow sync 1591487162.3643963 2.384185791015625e-07
SYNC! all-reduce time 0.6187450885772705

BATCH END 1591487158.1002173 4.882025241851807

start time 1591487162.9983184
recvacts 0 1591487162.9984057 4.76837158203125e-07
fwd 0 1591487162.9984155 0.05427742004394531
bwd 0 1591487163.0527928 0.07886743545532227
recvacts 0 1591487163.1319094 7.152557373046875e-07
fwd 0 1591487163.1319191 0.05389094352722168
bwd 0 1591487163.1859264 0.07892179489135742
recvacts 0 1591487163.265102 4.76837158203125e-07
fwd 0 1591487163.265111 0.05384564399719238
bwd 0 1591487163.31904 0.0788109302520752
recvacts 0 1591487163.398079 4.76837158203125e-07
fwd 0 1591487163.3980877 0.053794145584106445
bwd 0 1591487163.4519684 0.07886147499084473
recvacts 0 1591487163.5311944 7.152557373046875e-07
fwd 0 1591487163.5312047 0.05390810966491699
bwd 0 1591487163.5851984 0.0788426399230957
recvacts 0 1591487163.6642864 9.5367431640625e-07
fwd 0 1591487163.664296 0.053919315338134766
bwd 0 1591487163.7183049 0.07888579368591309
recvacts 0 1591487163.7974262 4.76837158203125e-07
fwd 0 1591487163.797435 0.05373859405517578
bwd 0 1591487163.851258 0.078826904296875
recvacts 0 1591487163.9303162 4.76837158203125e-07
fwd 0 1591487163.9303253 0.05378293991088867
bwd 0 1591487163.9841907 0.07891416549682617
recvacts 0 1591487164.0633366 7.152557373046875e-07
fwd 0 1591487164.0633454 0.0537567138671875
bwd 0 1591487164.117184 0.07921552658081055
recvacts 0 1591487164.196677 4.76837158203125e-07
fwd 0 1591487164.1966863 0.05381655693054199
bwd 0 1591487164.2505856 0.07890033721923828
recvacts 0 1591487164.3297257 4.76837158203125e-07
fwd 0 1591487164.3297343 0.05371999740600586
bwd 0 1591487164.3835363 0.07898402214050293
recvacts 0 1591487164.462753 2.384185791015625e-07
fwd 0 1591487164.4627614 0.053777217864990234
bwd 0 1591487164.5166218 0.07879829406738281
recvacts 0 1591487164.5956905 7.152557373046875e-07
fwd 0 1591487164.5956993 0.05389666557312012
bwd 0 1591487164.6496775 0.08078885078430176
recvacts 0 1591487164.730727 4.76837158203125e-07
fwd 0 1591487164.7307365 0.053905487060546875
bwd 0 1591487164.784728 0.07909274101257324
recvacts 0 1591487164.8640947 4.76837158203125e-07
fwd 0 1591487164.8641043 0.05384039878845215
bwd 0 1591487164.9180326 0.0789332389831543
recvacts 0 1591487164.9972062 4.76837158203125e-07
fwd 0 1591487164.9972157 0.05373573303222656
bwd 0 1591487165.0510657 0.07888102531433105
recvacts 0 1591487165.1301801 7.152557373046875e-07
fwd 0 1591487165.130189 0.053762197494506836
bwd 0 1591487165.1841254 0.07903552055358887
recvacts 0 1591487165.2633944 4.76837158203125e-07
fwd 0 1591487165.263403 0.05388021469116211
bwd 0 1591487165.3173666 0.0788276195526123
recvacts 0 1591487165.3964403 4.76837158203125e-07
fwd 0 1591487165.3964493 0.05381464958190918
bwd 0 1591487165.4503496 0.07882213592529297
recvacts 0 1591487165.5294056 7.152557373046875e-07
fwd 0 1591487165.5294147 0.05382704734802246
bwd 0 1591487165.5833247 0.07885122299194336
recvacts 0 1591487165.662408 4.76837158203125e-07
fwd 0 1591487165.662417 0.053854942321777344
bwd 0 1591487165.7163584 0.07898187637329102
recvacts 0 1591487165.7955897 7.152557373046875e-07
fwd 0 1591487165.7955987 0.05384230613708496
bwd 0 1591487165.8495271 0.07904434204101562
recvacts 0 1591487165.9288232 4.76837158203125e-07
fwd 0 1591487165.9288328 0.05376887321472168
bwd 0 1591487165.9826844 0.07884860038757324
recvacts 0 1591487166.0617652 4.76837158203125e-07
fwd 0 1591487166.0617738 0.05371451377868652
bwd 0 1591487166.1155698 0.07978677749633789
recvacts 0 1591487166.195613 2.384185791015625e-07
fwd 0 1591487166.195622 0.0540313720703125
bwd 0 1591487166.2497354 0.0789487361907959
recvacts 0 1591487166.3289342 7.152557373046875e-07
fwd 0 1591487166.3289425 0.05374002456665039
bwd 0 1591487166.3827693 0.07895922660827637
recvacts 0 1591487166.4619849 4.76837158203125e-07
fwd 0 1591487166.461994 0.05377054214477539
bwd 0 1591487166.515863 0.07893562316894531
recvacts 0 1591487166.5950317 4.76837158203125e-07
fwd 0 1591487166.5950408 0.05376172065734863
bwd 0 1591487166.6488864 0.0788731575012207
recvacts 0 1591487166.728011 9.5367431640625e-07
fwd 0 1591487166.7280202 0.053777456283569336
bwd 0 1591487166.7818842 0.07898569107055664
recvacts 0 1591487166.861187 7.152557373046875e-07
fwd 0 1591487166.8611965 0.05380868911743164
bwd 0 1591487166.915091 0.07883358001708984
recvacts 0 1591487166.9941587 7.152557373046875e-07
fwd 0 1591487166.9941676 0.05382037162780762
bwd 0 1591487167.0480714 0.07884097099304199
recvacts 0 1591487167.1271458 4.76837158203125e-07
fwd 0 1591487167.1271546 0.05373406410217285
bwd 0 1591487167.180974 0.07885479927062988
SYNC! all_reduce 163109376 1591487167.260779 0.00012159347534179688
overflow sync 1591487167.2609828 2.384185791015625e-07
SYNC! all-reduce time 0.6097352504730225

BATCH END 1591487162.9983861 4.871420383453369

start time 1591534334.5366495
recvacts 0 1591534334.5368023 2.384185791015625e-07
fwd 0 1591534334.5368235 0.38251233100891113
bwd 0 1591534334.9194894 0.0814063549041748
recvacts 0 1591534335.0011322 7.152557373046875e-07
fwd 0 1591534335.001143 0.0540618896484375
bwd 0 1591534335.0552993 0.07906246185302734
recvacts 0 1591534335.1345916 4.76837158203125e-07
fwd 0 1591534335.1346006 0.05385088920593262
bwd 0 1591534335.1885343 0.07884025573730469
recvacts 0 1591534335.2676005 4.76837158203125e-07
fwd 0 1591534335.2676091 0.053726911544799805
bwd 0 1591534335.3214188 0.07883214950561523
recvacts 0 1591534335.4004796 7.152557373046875e-07
fwd 0 1591534335.4004881 0.05401778221130371
bwd 0 1591534335.4546316 0.07977557182312012
recvacts 0 1591534335.5347805 9.5367431640625e-07
fwd 0 1591534335.534792 0.05420970916748047
bwd 0 1591534335.5891254 0.07962489128112793
recvacts 0 1591534335.6690829 7.152557373046875e-07
fwd 0 1591534335.6690936 0.05395936965942383
bwd 0 1591534335.723145 0.07932853698730469
recvacts 0 1591534335.802802 9.5367431640625e-07
fwd 0 1591534335.8028293 0.054048776626586914
bwd 0 1591534335.8569665 0.07900452613830566
recvacts 0 1591534335.93627 9.5367431640625e-07
fwd 0 1591534335.93628 0.05385088920593262
bwd 0 1591534335.9902172 0.07896041870117188
recvacts 0 1591534336.0694234 4.76837158203125e-07
fwd 0 1591534336.0694325 0.053816795349121094
bwd 0 1591534336.1233587 0.07886099815368652
recvacts 0 1591534336.2024894 7.152557373046875e-07
fwd 0 1591534336.2024987 0.05385279655456543
bwd 0 1591534336.2564337 0.07882094383239746
recvacts 0 1591534336.3355105 4.76837158203125e-07
fwd 0 1591534336.3355198 0.05380678176879883
bwd 0 1591534336.3894095 0.07907533645629883
recvacts 0 1591534336.4687088 7.152557373046875e-07
fwd 0 1591534336.4687178 0.0538175106048584
bwd 0 1591534336.522622 0.07896041870117188
recvacts 0 1591534336.6018226 9.5367431640625e-07
fwd 0 1591534336.6018322 0.05388474464416504
bwd 0 1591534336.6558182 0.07913827896118164
recvacts 0 1591534336.7353544 9.5367431640625e-07
fwd 0 1591534336.7353652 0.05385923385620117
bwd 0 1591534336.7893267 0.07895445823669434
recvacts 0 1591534336.868517 7.152557373046875e-07
fwd 0 1591534336.868526 0.05377459526062012
bwd 0 1591534336.9223824 0.07887101173400879
recvacts 0 1591534337.0015013 7.152557373046875e-07
fwd 0 1591534337.0015106 0.05381965637207031
bwd 0 1591534337.0554144 0.07888460159301758
recvacts 0 1591534337.1345313 4.76837158203125e-07
fwd 0 1591534337.1345403 0.053735971450805664
bwd 0 1591534337.1883578 0.07880520820617676
recvacts 0 1591534337.267395 7.152557373046875e-07
fwd 0 1591534337.2674038 0.05370831489562988
bwd 0 1591534337.321201 0.07911467552185059
recvacts 0 1591534337.4006355 7.152557373046875e-07
fwd 0 1591534337.4006455 0.05389738082885742
bwd 0 1591534337.4548337 0.07947969436645508
recvacts 0 1591534337.5346034 4.76837158203125e-07
fwd 0 1591534337.5346131 0.053911447525024414
bwd 0 1591534337.58861 0.07930564880371094
recvacts 0 1591534337.668304 9.5367431640625e-07
fwd 0 1591534337.6683166 0.05398988723754883
bwd 0 1591534337.7224002 0.07940483093261719
recvacts 0 1591534337.8021388 9.5367431640625e-07
fwd 0 1591534337.8021495 0.0539402961730957
bwd 0 1591534337.8561826 0.07929396629333496
recvacts 0 1591534337.9357305 9.5367431640625e-07
fwd 0 1591534337.935741 0.059139251708984375
bwd 0 1591534337.9949791 0.07895517349243164
recvacts 0 1591534338.07418 7.152557373046875e-07
fwd 0 1591534338.0741894 0.05502009391784668
bwd 0 1591534338.1296456 0.08024168014526367
recvacts 0 1591534338.210265 9.5367431640625e-07
fwd 0 1591534338.2102785 0.05401754379272461
bwd 0 1591534338.2643883 0.07945966720581055
recvacts 0 1591534338.3441868 1.1920928955078125e-06
fwd 0 1591534338.344198 0.05389904975891113
bwd 0 1591534338.3981965 0.079071044921875
recvacts 0 1591534338.47755 4.76837158203125e-07
fwd 0 1591534338.4775598 0.0537877082824707
bwd 0 1591534338.5314329 0.07906031608581543
recvacts 0 1591534338.6107628 7.152557373046875e-07
fwd 0 1591534338.6107724 0.053888797760009766
bwd 0 1591534338.6647458 0.07886910438537598
recvacts 0 1591534338.743886 7.152557373046875e-07
fwd 0 1591534338.7438958 0.05381131172180176
bwd 0 1591534338.7977917 0.07890939712524414
recvacts 0 1591534338.8769464 4.76837158203125e-07
fwd 0 1591534338.8769557 0.05364537239074707
bwd 0 1591534338.9306853 0.07891154289245605
recvacts 0 1591534339.0098312 4.76837158203125e-07
fwd 0 1591534339.0098405 0.05378079414367676
bwd 0 1591534339.0637107 0.07910370826721191
SYNC! all_reduce 163109376 1591534339.1438088 7.189964771270752
overflow sync 1591534346.3339548 0.0
SYNC! all-reduce time 7.989994287490845

BATCH END 1591534334.5367699 12.596292734146118

start time 1591534347.1500685
recvacts 0 1591534347.150162 2.384185791015625e-07
fwd 0 1591534347.150172 0.05430245399475098
bwd 0 1591534347.2045786 0.07912898063659668
recvacts 0 1591534347.2840176 1.1920928955078125e-06
fwd 0 1591534347.2840307 0.05395054817199707
bwd 0 1591534347.33807 0.08043599128723145
recvacts 0 1591534347.4187822 4.76837158203125e-07
fwd 0 1591534347.4187927 0.05403327941894531
bwd 0 1591534347.472917 0.07930588722229004
recvacts 0 1591534347.5524874 4.76837158203125e-07
fwd 0 1591534347.552498 0.05391240119934082
bwd 0 1591534347.6065056 0.0789344310760498
recvacts 0 1591534347.6856728 4.76837158203125e-07
fwd 0 1591534347.6856825 0.0538477897644043
bwd 0 1591534347.7396262 0.07898354530334473
recvacts 0 1591534347.8189034 9.5367431640625e-07
fwd 0 1591534347.8189137 0.05398416519165039
bwd 0 1591534347.8729992 0.07914423942565918
recvacts 0 1591534347.9524102 7.152557373046875e-07
fwd 0 1591534347.9524207 0.053879737854003906
bwd 0 1591534348.006385 0.08077692985534668
recvacts 0 1591534348.0880516 1.1205673217773438e-05
fwd 0 1591534348.088097 0.054766178131103516
bwd 0 1591534348.1429834 0.0791325569152832
recvacts 0 1591534348.222363 7.152557373046875e-07
fwd 0 1591534348.2223737 0.05398726463317871
bwd 0 1591534348.2764544 0.07898116111755371
recvacts 0 1591534348.355723 7.152557373046875e-07
fwd 0 1591534348.355732 0.0538177490234375
bwd 0 1591534348.4096353 0.0789194107055664
recvacts 0 1591534348.4887974 4.76837158203125e-07
fwd 0 1591534348.4888067 0.05474257469177246
bwd 0 1591534348.543635 0.08037424087524414
recvacts 0 1591534348.6242645 7.152557373046875e-07
fwd 0 1591534348.6242733 0.05384325981140137
bwd 0 1591534348.6782162 0.0789341926574707
recvacts 0 1591534348.7573981 4.76837158203125e-07
fwd 0 1591534348.757407 0.05387282371520996
bwd 0 1591534348.8113735 0.0793309211730957
recvacts 0 1591534348.891042 1.1920928955078125e-06
fwd 0 1591534348.8910537 0.055693864822387695
bwd 0 1591534348.9468405 0.0791783332824707
recvacts 0 1591534349.026301 1.1920928955078125e-06
fwd 0 1591534349.026314 0.05403280258178711
bwd 0 1591534349.080436 0.07933402061462402
recvacts 0 1591534349.1600692 7.152557373046875e-07
fwd 0 1591534349.1600792 0.05403399467468262
bwd 0 1591534349.2141964 0.0790565013885498
recvacts 0 1591534349.2935245 7.152557373046875e-07
fwd 0 1591534349.2935348 0.053902387619018555
bwd 0 1591534349.3475316 0.07943010330200195
recvacts 0 1591534349.4273431 9.5367431640625e-07
fwd 0 1591534349.4273553 0.05434131622314453
bwd 0 1591534349.4817867 0.07932519912719727
recvacts 0 1591534349.5613503 7.152557373046875e-07
fwd 0 1591534349.5613594 0.05384230613708496
bwd 0 1591534349.615289 0.07900500297546387
recvacts 0 1591534349.6945393 4.76837158203125e-07
fwd 0 1591534349.6945493 0.053844451904296875
bwd 0 1591534349.748477 0.07891440391540527
recvacts 0 1591534349.8276365 7.152557373046875e-07
fwd 0 1591534349.8276455 0.05393719673156738
bwd 0 1591534349.8816655 0.07911205291748047
recvacts 0 1591534349.9610863 4.76837158203125e-07
fwd 0 1591534349.961096 0.05379819869995117
bwd 0 1591534350.0149784 0.07883572578430176
recvacts 0 1591534350.0940504 7.152557373046875e-07
fwd 0 1591534350.094059 0.05371379852294922
bwd 0 1591534350.1478696 0.07902240753173828
recvacts 0 1591534350.2271671 7.152557373046875e-07
fwd 0 1591534350.2271757 0.05379033088684082
bwd 0 1591534350.2810516 0.07905840873718262
recvacts 0 1591534350.3603542 7.152557373046875e-07
fwd 0 1591534350.3603637 0.05379128456115723
bwd 0 1591534350.414237 0.07887935638427734
recvacts 0 1591534350.4933486 7.152557373046875e-07
fwd 0 1591534350.4933574 0.05381512641906738
bwd 0 1591534350.5472555 0.07885146141052246
recvacts 0 1591534350.62634 4.76837158203125e-07
fwd 0 1591534350.6263487 0.05382871627807617
bwd 0 1591534350.6802719 0.08044195175170898
recvacts 0 1591534350.7614865 1.049041748046875e-05
fwd 0 1591534350.7615242 0.05462241172790527
bwd 0 1591534350.8162348 0.07900071144104004
recvacts 0 1591534350.8954828 7.152557373046875e-07
fwd 0 1591534350.8954916 0.0539555549621582
bwd 0 1591534350.94954 0.07903718948364258
recvacts 0 1591534351.028865 7.152557373046875e-07
fwd 0 1591534351.0288844 0.053731441497802734
bwd 0 1591534351.0826993 0.07886195182800293
recvacts 0 1591534351.161797 4.76837158203125e-07
fwd 0 1591534351.161806 0.053818702697753906
bwd 0 1591534351.2157083 0.07912397384643555
recvacts 0 1591534351.295139 1.1920928955078125e-06
fwd 0 1591534351.2951496 0.05399203300476074
bwd 0 1591534351.3492281 0.07915568351745605
SYNC! all_reduce 163109376 1591534351.429587 0.0001614093780517578
overflow sync 1591534351.4298604 2.384185791015625e-07
SYNC! all-reduce time 0.7006590366363525

BATCH END 1591534347.1501393 4.979253053665161

start time 1591534352.1456285
recvacts 0 1591534352.1457226 2.384185791015625e-07
fwd 0 1591534352.1457322 0.054132699966430664
bwd 0 1591534352.1999547 0.07883095741271973
recvacts 0 1591534352.2790594 4.76837158203125e-07
fwd 0 1591534352.2790697 0.0538172721862793
bwd 0 1591534352.3329692 0.07883787155151367
recvacts 0 1591534352.4120743 4.76837158203125e-07
fwd 0 1591534352.412083 0.05388903617858887
bwd 0 1591534352.4660683 0.07937192916870117
recvacts 0 1591534352.5456781 4.76837158203125e-07
fwd 0 1591534352.5456882 0.05376744270324707
bwd 0 1591534352.5995395 0.07888555526733398
recvacts 0 1591534352.678652 7.152557373046875e-07
fwd 0 1591534352.6786606 0.05380415916442871
bwd 0 1591534352.7325459 0.07881855964660645
recvacts 0 1591534352.8115916 4.76837158203125e-07
fwd 0 1591534352.8116007 0.053914546966552734
bwd 0 1591534352.8656154 0.07940030097961426
recvacts 0 1591534352.9453511 7.152557373046875e-07
fwd 0 1591534352.945362 0.054038047790527344
bwd 0 1591534352.9994884 0.07896065711975098
recvacts 0 1591534353.0786867 4.76837158203125e-07
fwd 0 1591534353.0786963 0.053793907165527344
bwd 0 1591534353.1325731 0.07893252372741699
recvacts 0 1591534353.2117758 4.76837158203125e-07
fwd 0 1591534353.2117858 0.053826093673706055
bwd 0 1591534353.2656968 0.07913494110107422
recvacts 0 1591534353.3451288 1.430511474609375e-06
fwd 0 1591534353.3451402 0.053942203521728516
bwd 0 1591534353.3991776 0.07931375503540039
recvacts 0 1591534353.478786 7.152557373046875e-07
fwd 0 1591534353.4787977 0.05388975143432617
bwd 0 1591534353.5327878 0.07889246940612793
recvacts 0 1591534353.6119108 9.5367431640625e-07
fwd 0 1591534353.61192 0.05372309684753418
bwd 0 1591534353.6657279 0.07900547981262207
recvacts 0 1591534353.7449763 9.5367431640625e-07
fwd 0 1591534353.7449856 0.05385565757751465
bwd 0 1591534353.7989247 0.0788567066192627
recvacts 0 1591534353.8780117 4.76837158203125e-07
fwd 0 1591534353.8780203 0.05378556251525879
bwd 0 1591534353.9318907 0.0790262222290039
recvacts 0 1591534354.0111613 4.76837158203125e-07
fwd 0 1591534354.0111706 0.053893089294433594
bwd 0 1591534354.0651472 0.0788884162902832
recvacts 0 1591534354.144286 4.76837158203125e-07
fwd 0 1591534354.1442952 0.05398678779602051
bwd 0 1591534354.198373 0.07888436317443848
recvacts 0 1591534354.2774942 4.76837158203125e-07
fwd 0 1591534354.277503 0.05379986763000488
bwd 0 1591534354.3313859 0.07888293266296387
recvacts 0 1591534354.4105122 4.76837158203125e-07
fwd 0 1591534354.410521 0.05378079414367676
bwd 0 1591534354.4643838 0.07891082763671875
recvacts 0 1591534354.5435681 4.76837158203125e-07
fwd 0 1591534354.5435767 0.05378437042236328
bwd 0 1591534354.5974422 0.0788729190826416
recvacts 0 1591534354.6765802 4.76837158203125e-07
fwd 0 1591534354.6765893 0.053850650787353516
bwd 0 1591534354.7305229 0.07890439033508301
recvacts 0 1591534354.809672 9.5367431640625e-07
fwd 0 1591534354.809682 0.05370068550109863
bwd 0 1591534354.863463 0.07894682884216309
recvacts 0 1591534354.942643 4.76837158203125e-07
fwd 0 1591534354.9426517 0.053793907165527344
bwd 0 1591534354.9965289 0.07884907722473145
recvacts 0 1591534355.0756075 4.76837158203125e-07
fwd 0 1591534355.0756164 0.05382657051086426
bwd 0 1591534355.1295252 0.07906985282897949
recvacts 0 1591534355.2089112 7.152557373046875e-07
fwd 0 1591534355.208922 0.05397200584411621
bwd 0 1591534355.262988 0.07915854454040527
recvacts 0 1591534355.3424008 9.5367431640625e-07
fwd 0 1591534355.342412 0.05388164520263672
bwd 0 1591534355.3963797 0.07890677452087402
recvacts 0 1591534355.4755297 4.76837158203125e-07
fwd 0 1591534355.4755387 0.05368757247924805
bwd 0 1591534355.52931 0.07889461517333984
recvacts 0 1591534355.6084526 4.76837158203125e-07
fwd 0 1591534355.6084616 0.05381059646606445
bwd 0 1591534355.6623588 0.07892441749572754
recvacts 0 1591534355.7415204 4.76837158203125e-07
fwd 0 1591534355.7415292 0.05379819869995117
bwd 0 1591534355.7954128 0.07933616638183594
recvacts 0 1591534355.8750994 9.5367431640625e-07
fwd 0 1591534355.8751135 0.054016828536987305
bwd 0 1591534355.9292243 0.07918739318847656
recvacts 0 1591534356.0087597 4.76837158203125e-07
fwd 0 1591534356.0087707 0.053899526596069336
bwd 0 1591534356.0627618 0.07895565032958984
recvacts 0 1591534356.142001 4.76837158203125e-07
fwd 0 1591534356.1420105 0.053725242614746094
bwd 0 1591534356.1958175 0.07885456085205078
recvacts 0 1591534356.2748992 4.76837158203125e-07
fwd 0 1591534356.2749078 0.05385184288024902
bwd 0 1591534356.32885 0.0788567066192627
SYNC! all_reduce 163109376 1591534356.4086416 0.0001232624053955078
overflow sync 1591534356.4088483 2.384185791015625e-07
SYNC! all-reduce time 0.6039943695068359

BATCH END 1591534352.1457016 4.866262435913086

start time 1591591327.5545413
recvacts 0 1591591327.5547905 4.76837158203125e-07
fwd 0 1591591327.554813 0.3744533061981201
bwd 0 1591591327.9294343 0.08719134330749512
recvacts 0 1591591328.0168898 7.152557373046875e-07
fwd 0 1591591328.0169003 0.05727410316467285
bwd 0 1591591328.0742693 0.08124184608459473
recvacts 0 1591591328.155777 4.76837158203125e-07
fwd 0 1591591328.1557872 0.054340362548828125
bwd 0 1591591328.2102146 0.07938838005065918
recvacts 0 1591591328.2898364 4.76837158203125e-07
fwd 0 1591591328.2898452 0.05393552780151367
bwd 0 1591591328.3438663 0.07908320426940918
recvacts 0 1591591328.4231803 7.152557373046875e-07
fwd 0 1591591328.4231892 0.054076194763183594
bwd 0 1591591328.4773502 0.0791480541229248
recvacts 0 1591591328.5567505 4.76837158203125e-07
fwd 0 1591591328.5567598 0.053864240646362305
bwd 0 1591591328.6107204 0.0793764591217041
recvacts 0 1591591328.69034 4.76837158203125e-07
fwd 0 1591591328.6903496 0.05392718315124512
bwd 0 1591591328.7443638 0.07899975776672363
recvacts 0 1591591328.8236086 4.76837158203125e-07
fwd 0 1591591328.8236177 0.05385255813598633
bwd 0 1591591328.8775604 0.07889437675476074
recvacts 0 1591591328.9567082 4.76837158203125e-07
fwd 0 1591591328.956718 0.053861141204833984
bwd 0 1591591329.0106668 0.07917451858520508
recvacts 0 1591591329.0901015 7.152557373046875e-07
fwd 0 1591591329.0901113 0.053852081298828125
bwd 0 1591591329.1440501 0.07898092269897461
recvacts 0 1591591329.223266 4.76837158203125e-07
fwd 0 1591591329.2232747 0.05383610725402832
bwd 0 1591591329.2771971 0.07888436317443848
recvacts 0 1591591329.3563278 4.76837158203125e-07
fwd 0 1591591329.356337 0.05374956130981445
bwd 0 1591591329.4101734 0.0790262222290039
recvacts 0 1591591329.4894361 4.76837158203125e-07
fwd 0 1591591329.4894454 0.053789615631103516
bwd 0 1591591329.5433254 0.07898974418640137
recvacts 0 1591591329.6225886 4.76837158203125e-07
fwd 0 1591591329.6225986 0.0539097785949707
bwd 0 1591591329.676606 0.07892131805419922
recvacts 0 1591591329.755776 4.76837158203125e-07
fwd 0 1591591329.7557857 0.053792715072631836
bwd 0 1591591329.8096635 0.07891225814819336
recvacts 0 1591591329.888837 7.152557373046875e-07
fwd 0 1591591329.888847 0.053877830505371094
bwd 0 1591591329.9428122 0.0789194107055664
recvacts 0 1591591330.0219636 4.76837158203125e-07
fwd 0 1591591330.0219724 0.05385780334472656
bwd 0 1591591330.0759153 0.07900500297546387
recvacts 0 1591591330.1551993 4.76837158203125e-07
fwd 0 1591591330.1552086 0.053841590881347656
bwd 0 1591591330.2091384 0.07896137237548828
recvacts 0 1591591330.2883554 4.76837158203125e-07
fwd 0 1591591330.2883642 0.05387687683105469
bwd 0 1591591330.3423374 0.07902073860168457
recvacts 0 1591591330.421636 4.76837158203125e-07
fwd 0 1591591330.421646 0.05389094352722168
bwd 0 1591591330.4756286 0.07917046546936035
recvacts 0 1591591330.55505 7.152557373046875e-07
fwd 0 1591591330.5550601 0.05414009094238281
bwd 0 1591591330.6092956 0.07932877540588379
recvacts 0 1591591330.689116 7.152557373046875e-07
fwd 0 1591591330.6891272 0.05466294288635254
bwd 0 1591591330.743885 0.07917022705078125
recvacts 0 1591591330.8233378 4.76837158203125e-07
fwd 0 1591591330.823348 0.05389523506164551
bwd 0 1591591330.8773386 0.07896685600280762
recvacts 0 1591591330.956578 4.76837158203125e-07
fwd 0 1591591330.9565876 0.05374717712402344
bwd 0 1591591331.010422 0.07892489433288574
recvacts 0 1591591331.089584 7.152557373046875e-07
fwd 0 1591591331.089593 0.053838253021240234
bwd 0 1591591331.1435285 0.07890200614929199
recvacts 0 1591591331.2226746 4.76837158203125e-07
fwd 0 1591591331.222684 0.05374431610107422
bwd 0 1591591331.2765255 0.07887077331542969
recvacts 0 1591591331.3556721 4.76837158203125e-07
fwd 0 1591591331.355682 0.05382084846496582
bwd 0 1591591331.4095864 0.07885122299194336
recvacts 0 1591591331.4886851 7.152557373046875e-07
fwd 0 1591591331.488694 0.05388212203979492
bwd 0 1591591331.5426693 0.07892060279846191
recvacts 0 1591591331.6218624 4.76837158203125e-07
fwd 0 1591591331.6218715 0.053728580474853516
bwd 0 1591591331.6756854 0.07881760597229004
recvacts 0 1591591331.7547326 4.76837158203125e-07
fwd 0 1591591331.754742 0.053841590881347656
bwd 0 1591591331.80867 0.0789027214050293
recvacts 0 1591591331.8878033 4.76837158203125e-07
fwd 0 1591591331.8878121 0.05389285087585449
bwd 0 1591591331.9417922 0.07881736755371094
recvacts 0 1591591332.0208437 4.76837158203125e-07
fwd 0 1591591332.0208528 0.054100990295410156
bwd 0 1591591332.0750463 0.0791316032409668
SYNC! all_reduce 163109376 1591591332.1552393 0.6694378852844238
overflow sync 1591591332.8248632 0.0
SYNC! all-reduce time 1.5442008972167969

BATCH END 1591591327.5547495 6.143865585327148

start time 1591591333.7148197
recvacts 0 1591591333.7149017 4.76837158203125e-07
fwd 0 1591591333.7149107 0.054001808166503906
bwd 0 1591591333.769001 0.07879185676574707
recvacts 0 1591591333.8480263 7.152557373046875e-07
fwd 0 1591591333.8480365 0.05390810966491699
bwd 0 1591591333.902031 0.07902908325195312
recvacts 0 1591591333.9812965 7.152557373046875e-07
fwd 0 1591591333.9813058 0.05380439758300781
bwd 0 1591591334.0352058 0.07913661003112793
recvacts 0 1591591334.1145883 4.76837158203125e-07
fwd 0 1591591334.1145976 0.05385994911193848
bwd 0 1591591334.1685426 0.0789041519165039
recvacts 0 1591591334.2477248 4.76837158203125e-07
fwd 0 1591591334.247734 0.053908348083496094
bwd 0 1591591334.3017273 0.07886219024658203
recvacts 0 1591591334.3808663 4.76837158203125e-07
fwd 0 1591591334.3808756 0.0538179874420166
bwd 0 1591591334.4347796 0.07895421981811523
recvacts 0 1591591334.513972 4.76837158203125e-07
fwd 0 1591591334.5139804 0.053821563720703125
bwd 0 1591591334.5678885 0.07893705368041992
recvacts 0 1591591334.647079 4.76837158203125e-07
fwd 0 1591591334.6470878 0.05382704734802246
bwd 0 1591591334.7010002 0.07892537117004395
recvacts 0 1591591334.7801633 4.76837158203125e-07
fwd 0 1591591334.7801726 0.0538334846496582
bwd 0 1591591334.8340924 0.0789036750793457
recvacts 0 1591591334.9132366 7.152557373046875e-07
fwd 0 1591591334.9132454 0.053815364837646484
bwd 0 1591591334.9671462 0.07911276817321777
recvacts 0 1591591335.0465188 7.152557373046875e-07
fwd 0 1591591335.0465286 0.05412745475769043
bwd 0 1591591335.1007407 0.07927179336547852
recvacts 0 1591591335.1803288 9.5367431640625e-07
fwd 0 1591591335.1803389 0.053983211517333984
bwd 0 1591591335.2344296 0.07913374900817871
recvacts 0 1591591335.3138297 4.76837158203125e-07
fwd 0 1591591335.3138404 0.05390763282775879
bwd 0 1591591335.3678346 0.07892322540283203
recvacts 0 1591591335.4469972 4.76837158203125e-07
fwd 0 1591591335.4470065 0.05386781692504883
bwd 0 1591591335.5009584 0.07893991470336914
recvacts 0 1591591335.5801408 4.76837158203125e-07
fwd 0 1591591335.5801504 0.0537874698638916
bwd 0 1591591335.6340232 0.07903742790222168
recvacts 0 1591591335.7133677 7.152557373046875e-07
fwd 0 1591591335.7133777 0.053878068923950195
bwd 0 1591591335.7673402 0.07907462120056152
recvacts 0 1591591335.846667 4.76837158203125e-07
fwd 0 1591591335.8466766 0.05414175987243652
bwd 0 1591591335.900909 0.07929563522338867
recvacts 0 1591591335.9804802 7.152557373046875e-07
fwd 0 1591591335.98049 0.053893089294433594
bwd 0 1591591336.0344796 0.0789182186126709
recvacts 0 1591591336.113629 4.76837158203125e-07
fwd 0 1591591336.1136384 0.05401039123535156
bwd 0 1591591336.1678617 0.07950711250305176
recvacts 0 1591591336.247675 9.5367431640625e-07
fwd 0 1591591336.247689 0.05429792404174805
bwd 0 1591591336.3020759 0.07898259162902832
recvacts 0 1591591336.3812964 4.76837158203125e-07
fwd 0 1591591336.381306 0.05388331413269043
bwd 0 1591591336.4352736 0.0791482925415039
recvacts 0 1591591336.5147104 1.6689300537109375e-06
fwd 0 1591591336.5147223 0.054091691970825195
bwd 0 1591591336.5689073 0.07904887199401855
recvacts 0 1591591336.6481938 4.76837158203125e-07
fwd 0 1591591336.6482036 0.05374598503112793
bwd 0 1591591336.7020352 0.07893991470336914
recvacts 0 1591591336.7812147 7.152557373046875e-07
fwd 0 1591591336.7812238 0.05390286445617676
bwd 0 1591591336.835212 0.07890105247497559
recvacts 0 1591591336.9143517 4.76837158203125e-07
fwd 0 1591591336.9143608 0.05385017395019531
bwd 0 1591591336.9683065 0.07927227020263672
recvacts 0 1591591337.047816 7.152557373046875e-07
fwd 0 1591591337.0478249 0.05390739440917969
bwd 0 1591591337.101817 0.07891035079956055
recvacts 0 1591591337.180963 4.76837158203125e-07
fwd 0 1591591337.1809723 0.05383157730102539
bwd 0 1591591337.23489 0.07889699935913086
recvacts 0 1591591337.3140664 4.76837158203125e-07
fwd 0 1591591337.3140755 0.05388140678405762
bwd 0 1591591337.3680422 0.07892012596130371
recvacts 0 1591591337.4471986 7.152557373046875e-07
fwd 0 1591591337.4472072 0.05383038520812988
bwd 0 1591591337.5011227 0.07891035079956055
recvacts 0 1591591337.580331 4.76837158203125e-07
fwd 0 1591591337.5803418 0.053826093673706055
bwd 0 1591591337.6342633 0.07904481887817383
recvacts 0 1591591337.7135518 7.152557373046875e-07
fwd 0 1591591337.7135618 0.05384254455566406
bwd 0 1591591337.7674892 0.07892155647277832
recvacts 0 1591591337.8466554 7.152557373046875e-07
fwd 0 1591591337.8466642 0.05394864082336426
bwd 0 1591591337.900698 0.07896661758422852
SYNC! all_reduce 163109376 1591591337.9806418 0.00013875961303710938
overflow sync 1591591337.9808688 2.384185791015625e-07
SYNC! all-reduce time 0.6543381214141846

BATCH END 1591591333.714883 4.919358968734741

start time 1591591338.649811
recvacts 0 1591591338.6499012 4.76837158203125e-07
fwd 0 1591591338.6499104 0.05398869514465332
bwd 0 1591591338.7039855 0.07873702049255371
recvacts 0 1591591338.7829583 9.5367431640625e-07
fwd 0 1591591338.782968 0.05386686325073242
bwd 0 1591591338.836923 0.07897734642028809
recvacts 0 1591591338.916135 7.152557373046875e-07
fwd 0 1591591338.9161444 0.053865671157836914
bwd 0 1591591338.9700954 0.0788278579711914
recvacts 0 1591591339.0491564 4.76837158203125e-07
fwd 0 1591591339.0491657 0.054163455963134766
bwd 0 1591591339.1034153 0.07886862754821777
recvacts 0 1591591339.1825135 4.76837158203125e-07
fwd 0 1591591339.1825223 0.05374908447265625
bwd 0 1591591339.236357 0.07884097099304199
recvacts 0 1591591339.3154826 4.76837158203125e-07
fwd 0 1591591339.3154922 0.053876399993896484
bwd 0 1591591339.3694525 0.07881331443786621
recvacts 0 1591591339.4484987 4.76837158203125e-07
fwd 0 1591591339.4485078 0.05379486083984375
bwd 0 1591591339.5023866 0.07885217666625977
recvacts 0 1591591339.5814729 4.76837158203125e-07
fwd 0 1591591339.581482 0.05381321907043457
bwd 0 1591591339.6353807 0.07884931564331055
recvacts 0 1591591339.714462 4.76837158203125e-07
fwd 0 1591591339.714471 0.05372309684753418
bwd 0 1591591339.768304 0.07902359962463379
recvacts 0 1591591339.8476052 4.76837158203125e-07
fwd 0 1591591339.8476164 0.05402112007141113
bwd 0 1591591339.901733 0.07901167869567871
recvacts 0 1591591339.980985 4.76837158203125e-07
fwd 0 1591591339.9809945 0.05377602577209473
bwd 0 1591591340.0348628 0.07895684242248535
recvacts 0 1591591340.1140525 4.76837158203125e-07
fwd 0 1591591340.1140618 0.05395841598510742
bwd 0 1591591340.1681192 0.07898163795471191
recvacts 0 1591591340.247355 7.152557373046875e-07
fwd 0 1591591340.2473652 0.05394339561462402
bwd 0 1591591340.301397 0.07889842987060547
recvacts 0 1591591340.3805745 4.76837158203125e-07
fwd 0 1591591340.3805838 0.05389714241027832
bwd 0 1591591340.434576 0.07906317710876465
recvacts 0 1591591340.5138807 7.152557373046875e-07
fwd 0 1591591340.5138907 0.05388927459716797
bwd 0 1591591340.5678685 0.07894420623779297
recvacts 0 1591591340.6470869 4.76837158203125e-07
fwd 0 1591591340.6470964 0.05386829376220703
bwd 0 1591591340.7010534 0.07898187637329102
recvacts 0 1591591340.7803051 2.384185791015625e-07
fwd 0 1591591340.7803159 0.05380105972290039
bwd 0 1591591340.8342106 0.08173084259033203
recvacts 0 1591591340.9162152 7.152557373046875e-07
fwd 0 1591591340.9162247 0.053839921951293945
bwd 0 1591591340.9701602 0.07913804054260254
recvacts 0 1591591341.0495477 7.152557373046875e-07
fwd 0 1591591341.049557 0.05400419235229492
bwd 0 1591591341.1036477 0.07900500297546387
recvacts 0 1591591341.1828961 4.76837158203125e-07
fwd 0 1591591341.1829066 0.05384421348571777
bwd 0 1591591341.2368383 0.07900738716125488
recvacts 0 1591591341.316088 7.152557373046875e-07
fwd 0 1591591341.3160973 0.053809404373168945
bwd 0 1591591341.369991 0.07900619506835938
recvacts 0 1591591341.4492674 4.76837158203125e-07
fwd 0 1591591341.449277 0.05378127098083496
bwd 0 1591591341.5031445 0.08110833168029785
recvacts 0 1591591341.5844884 4.76837158203125e-07
fwd 0 1591591341.584498 0.0538022518157959
bwd 0 1591591341.6383846 0.07891368865966797
recvacts 0 1591591341.717532 7.152557373046875e-07
fwd 0 1591591341.717541 0.05382037162780762
bwd 0 1591591341.7714446 0.07887387275695801
recvacts 0 1591591341.8505533 4.76837158203125e-07
fwd 0 1591591341.8505626 0.05391073226928711
bwd 0 1591591341.904559 0.07887935638427734
recvacts 0 1591591341.98367 4.76837158203125e-07
fwd 0 1591591341.983679 0.05379366874694824
bwd 0 1591591342.0375633 0.07896757125854492
recvacts 0 1591591342.1167662 4.76837158203125e-07
fwd 0 1591591342.1167755 0.05377840995788574
bwd 0 1591591342.1706414 0.07888531684875488
recvacts 0 1591591342.2497585 7.152557373046875e-07
fwd 0 1591591342.249767 0.05385851860046387
bwd 0 1591591342.30371 0.07894206047058105
recvacts 0 1591591342.382886 4.76837158203125e-07
fwd 0 1591591342.3828948 0.0538334846496582
bwd 0 1591591342.4368126 0.07885169982910156
recvacts 0 1591591342.5158951 4.76837158203125e-07
fwd 0 1591591342.5159044 0.05404329299926758
bwd 0 1591591342.570033 0.07894325256347656
recvacts 0 1591591342.6492114 4.76837158203125e-07
fwd 0 1591591342.6492205 0.05383110046386719
bwd 0 1591591342.7031496 0.07890677452087402
recvacts 0 1591591342.7823503 4.76837158203125e-07
fwd 0 1591591342.7823598 0.05382347106933594
bwd 0 1591591342.836278 0.07887434959411621
SYNC! all_reduce 163109376 1591591342.9161606 0.0001671314239501953
overflow sync 1591591342.91642 4.76837158203125e-07
SYNC! all-reduce time 0.6194844245910645

BATCH END 1591591338.6498823 4.885031223297119

start time 1591642151.911069
recvacts 0 1591642151.911246 4.76837158203125e-07
fwd 0 1591642151.9112682 0.34795713424682617
bwd 0 1591642152.259364 0.08669161796569824
recvacts 0 1591642152.346451 9.5367431640625e-07
fwd 0 1591642152.3464637 0.05763530731201172
bwd 0 1591642152.404222 0.08177781105041504
recvacts 0 1591642152.4863925 1.1920928955078125e-06
fwd 0 1591642152.4864047 0.05455589294433594
bwd 0 1591642152.5410907 0.08027982711791992
recvacts 0 1591642152.6217802 1.430511474609375e-06
fwd 0 1591642152.621793 0.054435014724731445
bwd 0 1591642152.6763477 0.07955455780029297
recvacts 0 1591642152.7562268 9.5367431640625e-07
fwd 0 1591642152.7562525 0.05406022071838379
bwd 0 1591642152.8104103 0.07951593399047852
recvacts 0 1591642152.8902273 7.152557373046875e-07
fwd 0 1591642152.8902385 0.05406832695007324
bwd 0 1591642152.9444058 0.07947206497192383
recvacts 0 1591642153.0242307 9.5367431640625e-07
fwd 0 1591642153.0242584 0.054085731506347656
bwd 0 1591642153.0784392 0.08004450798034668
recvacts 0 1591642153.1588328 9.5367431640625e-07
fwd 0 1591642153.1588445 0.05393695831298828
bwd 0 1591642153.212872 0.07902956008911133
recvacts 0 1591642153.292142 7.152557373046875e-07
fwd 0 1591642153.2921517 0.0538334846496582
bwd 0 1591642153.3460853 0.07887697219848633
recvacts 0 1591642153.4252522 4.76837158203125e-07
fwd 0 1591642153.4252613 0.05393171310424805
bwd 0 1591642153.4792795 0.07893538475036621
recvacts 0 1591642153.558459 7.152557373046875e-07
fwd 0 1591642153.558468 0.05391740798950195
bwd 0 1591642153.6124728 0.07900261878967285
recvacts 0 1591642153.6917548 7.152557373046875e-07
fwd 0 1591642153.6917677 0.05389070510864258
bwd 0 1591642153.7457464 0.07891559600830078
recvacts 0 1591642153.824907 4.76837158203125e-07
fwd 0 1591642153.824916 0.05373573303222656
bwd 0 1591642153.8787339 0.07885026931762695
recvacts 0 1591642153.957819 4.76837158203125e-07
fwd 0 1591642153.9578276 0.05383133888244629
bwd 0 1591642154.0117414 0.07903194427490234
recvacts 0 1591642154.0910017 9.5367431640625e-07
fwd 0 1591642154.0910108 0.05382728576660156
bwd 0 1591642154.1449232 0.07902932167053223
recvacts 0 1591642154.2241864 7.152557373046875e-07
fwd 0 1591642154.2241952 0.05385112762451172
bwd 0 1591642154.2781277 0.07886147499084473
recvacts 0 1591642154.3572204 4.76837158203125e-07
fwd 0 1591642154.3572295 0.05381464958190918
bwd 0 1591642154.411126 0.07881546020507812
recvacts 0 1591642154.4901998 7.152557373046875e-07
fwd 0 1591642154.490209 0.053745269775390625
bwd 0 1591642154.54405 0.07886791229248047
recvacts 0 1591642154.6231537 7.152557373046875e-07
fwd 0 1591642154.6231625 0.05377364158630371
bwd 0 1591642154.6770337 0.07887744903564453
recvacts 0 1591642154.7561405 4.76837158203125e-07
fwd 0 1591642154.7561498 0.05383777618408203
bwd 0 1591642154.8100693 0.07882022857666016
recvacts 0 1591642154.889164 4.76837158203125e-07
fwd 0 1591642154.8891735 0.05382037162780762
bwd 0 1591642154.9430766 0.07886028289794922
recvacts 0 1591642155.0221906 4.76837158203125e-07
fwd 0 1591642155.0222 0.053884029388427734
bwd 0 1591642155.076171 0.07935214042663574
recvacts 0 1591642155.1559372 1.1920928955078125e-06
fwd 0 1591642155.15595 0.054070234298706055
bwd 0 1591642155.2101097 0.0790262222290039
recvacts 0 1591642155.2893772 9.5367431640625e-07
fwd 0 1591642155.2893872 0.053869009017944336
bwd 0 1591642155.3433404 0.07895493507385254
recvacts 0 1591642155.4225714 7.152557373046875e-07
fwd 0 1591642155.4225812 0.054955244064331055
bwd 0 1591642155.4776313 0.07891345024108887
recvacts 0 1591642155.5567775 4.76837158203125e-07
fwd 0 1591642155.5567865 0.053850412368774414
bwd 0 1591642155.610721 0.07893109321594238
recvacts 0 1591642155.6898913 4.76837158203125e-07
fwd 0 1591642155.6899006 0.05385303497314453
bwd 0 1591642155.7438369 0.07893157005310059
recvacts 0 1591642155.8230143 4.76837158203125e-07
fwd 0 1591642155.8230236 0.05379748344421387
bwd 0 1591642155.8769054 0.07888674736022949
recvacts 0 1591642155.9560232 4.76837158203125e-07
fwd 0 1591642155.9560323 0.05377459526062012
bwd 0 1591642156.0098896 0.07887864112854004
recvacts 0 1591642156.0890281 4.76837158203125e-07
fwd 0 1591642156.0890384 0.05384063720703125
bwd 0 1591642156.1429782 0.07892203330993652
recvacts 0 1591642156.2221515 4.76837158203125e-07
fwd 0 1591642156.2221608 0.053832292556762695
bwd 0 1591642156.27608 0.07894396781921387
recvacts 0 1591642156.3552654 4.76837158203125e-07
fwd 0 1591642156.3552742 0.05385470390319824
bwd 0 1591642156.4092395 0.07975912094116211
SYNC! all_reduce 163109376 1591642156.489999 1.3980469703674316
overflow sync 1591642157.8882213 2.384185791015625e-07
SYNC! all-reduce time 2.16794753074646

BATCH END 1591642151.9112155 6.745964527130127

start time 1591642158.6740716
recvacts 0 1591642158.6741521 4.76837158203125e-07
fwd 0 1591642158.674162 0.054122209548950195
bwd 0 1591642158.7283754 0.0787966251373291
recvacts 0 1591642158.8074064 7.152557373046875e-07
fwd 0 1591642158.807416 0.05392932891845703
bwd 0 1591642158.8614314 0.08035063743591309
recvacts 0 1591642158.9420583 7.152557373046875e-07
fwd 0 1591642158.942069 0.053853750228881836
bwd 0 1591642158.9960127 0.07956290245056152
recvacts 0 1591642159.075963 9.5367431640625e-07
fwd 0 1591642159.075975 0.05421876907348633
bwd 0 1591642159.1302907 0.07927632331848145
recvacts 0 1591642159.2098992 9.5367431640625e-07
fwd 0 1591642159.2099106 0.053911447525024414
bwd 0 1591642159.2639263 0.0788884162902832
recvacts 0 1591642159.3430865 7.152557373046875e-07
fwd 0 1591642159.3430953 0.05389976501464844
bwd 0 1591642159.3970804 0.07890701293945312
recvacts 0 1591642159.4762192 4.76837158203125e-07
fwd 0 1591642159.476228 0.053827524185180664
bwd 0 1591642159.5301445 0.07895803451538086
recvacts 0 1591642159.609372 7.152557373046875e-07
fwd 0 1591642159.6093817 0.053991079330444336
bwd 0 1591642159.6634736 0.07933592796325684
recvacts 0 1591642159.7430913 9.5367431640625e-07
fwd 0 1591642159.7431035 0.05395698547363281
bwd 0 1591642159.7971504 0.07906126976013184
recvacts 0 1591642159.8764632 7.152557373046875e-07
fwd 0 1591642159.876473 0.05385923385620117
bwd 0 1591642159.9304173 0.07897090911865234
recvacts 0 1591642160.0096245 9.5367431640625e-07
fwd 0 1591642160.0096338 0.05373954772949219
bwd 0 1591642160.0634573 0.07893610000610352
recvacts 0 1591642160.1426282 7.152557373046875e-07
fwd 0 1591642160.142637 0.0538640022277832
bwd 0 1591642160.1965866 0.07913470268249512
recvacts 0 1591642160.2759826 4.76837158203125e-07
fwd 0 1591642160.2759929 0.05578875541687012
bwd 0 1591642160.331901 0.07935523986816406
recvacts 0 1591642160.4115136 7.152557373046875e-07
fwd 0 1591642160.4115245 0.0540316104888916
bwd 0 1591642160.4656508 0.07895469665527344
recvacts 0 1591642160.5447893 4.76837158203125e-07
fwd 0 1591642160.5447986 0.05387997627258301
bwd 0 1591642160.5987763 0.07932853698730469
recvacts 0 1591642160.6784205 9.5367431640625e-07
fwd 0 1591642160.6784327 0.054367780685424805
bwd 0 1591642160.7328987 0.0795130729675293
recvacts 0 1591642160.8126981 7.152557373046875e-07
fwd 0 1591642160.8127096 0.05394482612609863
bwd 0 1591642160.8667471 0.07949614524841309
recvacts 0 1591642160.9465656 7.152557373046875e-07
fwd 0 1591642160.9465768 0.05400228500366211
bwd 0 1591642161.0006733 0.07961678504943848
recvacts 0 1591642161.0806618 1.1920928955078125e-06
fwd 0 1591642161.0806737 0.05419301986694336
bwd 0 1591642161.1349597 0.07907629013061523
recvacts 0 1591642161.214272 4.76837158203125e-07
fwd 0 1591642161.214282 0.05401921272277832
bwd 0 1591642161.2683895 0.07916092872619629
recvacts 0 1591642161.3478029 7.152557373046875e-07
fwd 0 1591642161.3478127 0.05390119552612305
bwd 0 1591642161.4018207 0.07913804054260254
recvacts 0 1591642161.4812012 9.5367431640625e-07
fwd 0 1591642161.4812121 0.05390787124633789
bwd 0 1591642161.5352051 0.0790257453918457
recvacts 0 1591642161.6145084 7.152557373046875e-07
fwd 0 1591642161.6145175 0.053894758224487305
bwd 0 1591642161.668614 0.07958531379699707
recvacts 0 1591642161.748471 7.152557373046875e-07
fwd 0 1591642161.7484813 0.05390739440917969
bwd 0 1591642161.8024743 0.07900476455688477
recvacts 0 1591642161.8817194 7.152557373046875e-07
fwd 0 1591642161.8817282 0.053876399993896484
bwd 0 1591642161.935691 0.07906103134155273
recvacts 0 1591642162.0149932 2.384185791015625e-07
fwd 0 1591642162.015003 0.0538480281829834
bwd 0 1591642162.068936 0.07906365394592285
recvacts 0 1591642162.1482491 7.152557373046875e-07
fwd 0 1591642162.1482592 0.05395793914794922
bwd 0 1591642162.2023091 0.07908821105957031
recvacts 0 1591642162.2816331 4.76837158203125e-07
fwd 0 1591642162.2816427 0.05393719673156738
bwd 0 1591642162.3356647 0.0789785385131836
recvacts 0 1591642162.414888 7.152557373046875e-07
fwd 0 1591642162.4148974 0.05382513999938965
bwd 0 1591642162.468828 0.07915282249450684
recvacts 0 1591642162.5482311 7.152557373046875e-07
fwd 0 1591642162.5482562 0.053876638412475586
bwd 0 1591642162.6022189 0.0790252685546875
recvacts 0 1591642162.6815069 7.152557373046875e-07
fwd 0 1591642162.6815162 0.053867340087890625
bwd 0 1591642162.7354703 0.0790708065032959
recvacts 0 1591642162.8147967 9.5367431640625e-07
fwd 0 1591642162.8148067 0.05462217330932617
bwd 0 1591642162.8695345 0.08043289184570312
SYNC! all_reduce 163109376 1591642162.951116 0.0001728534698486328
overflow sync 1591642162.9513774 0.0
SYNC! all-reduce time 0.6011528968811035

BATCH END 1591642158.6741333 4.877372980117798

start time 1591642163.5674386
recvacts 0 1591642163.5675278 2.384185791015625e-07
fwd 0 1591642163.567537 0.05409860610961914
bwd 0 1591642163.6217399 0.07880115509033203
recvacts 0 1591642163.700778 4.76837158203125e-07
fwd 0 1591642163.700788 0.05382990837097168
bwd 0 1591642163.7547162 0.0789177417755127
recvacts 0 1591642163.8338935 7.152557373046875e-07
fwd 0 1591642163.8339026 0.053868770599365234
bwd 0 1591642163.887855 0.07894206047058105
recvacts 0 1591642163.967029 7.152557373046875e-07
fwd 0 1591642163.9670377 0.05388641357421875
bwd 0 1591642164.021009 0.07888460159301758
recvacts 0 1591642164.10021 7.152557373046875e-07
fwd 0 1591642164.1002204 0.0539548397064209
bwd 0 1591642164.1542606 0.0789484977722168
recvacts 0 1591642164.233449 7.152557373046875e-07
fwd 0 1591642164.2334585 0.05377650260925293
bwd 0 1591642164.2873201 0.07902741432189941
recvacts 0 1591642164.3665829 4.76837158203125e-07
fwd 0 1591642164.366592 0.05381631851196289
bwd 0 1591642164.4204936 0.07906556129455566
recvacts 0 1591642164.4998055 4.76837158203125e-07
fwd 0 1591642164.499815 0.05402684211730957
bwd 0 1591642164.5539515 0.0794377326965332
recvacts 0 1591642164.6336827 4.76837158203125e-07
fwd 0 1591642164.6336946 0.05399632453918457
bwd 0 1591642164.6877856 0.07920122146606445
recvacts 0 1591642164.767259 7.152557373046875e-07
fwd 0 1591642164.7672698 0.053900957107543945
bwd 0 1591642164.8212597 0.07932257652282715
recvacts 0 1591642164.9009259 9.5367431640625e-07
fwd 0 1591642164.900938 0.05413937568664551
bwd 0 1591642164.9551754 0.07953381538391113
recvacts 0 1591642165.0350614 1.1920928955078125e-06
fwd 0 1591642165.0350735 0.05413532257080078
bwd 0 1591642165.0893025 0.07905817031860352
recvacts 0 1591642165.1686306 7.152557373046875e-07
fwd 0 1591642165.1686416 0.0542604923248291
bwd 0 1591642165.2229948 0.07895541191101074
recvacts 0 1591642165.3021896 7.152557373046875e-07
fwd 0 1591642165.3021994 0.05380988121032715
bwd 0 1591642165.3560948 0.07897424697875977
recvacts 0 1591642165.435307 4.76837158203125e-07
fwd 0 1591642165.435316 0.053858280181884766
bwd 0 1591642165.4892597 0.07895016670227051
recvacts 0 1591642165.568456 7.152557373046875e-07
fwd 0 1591642165.5684657 0.05385994911193848
bwd 0 1591642165.6224105 0.07891440391540527
recvacts 0 1591642165.701601 7.152557373046875e-07
fwd 0 1591642165.70161 0.053792476654052734
bwd 0 1591642165.7554944 0.07896971702575684
recvacts 0 1591642165.8347142 7.152557373046875e-07
fwd 0 1591642165.8347235 0.05372881889343262
bwd 0 1591642165.8885388 0.07892298698425293
recvacts 0 1591642165.9677205 4.76837158203125e-07
fwd 0 1591642165.9677298 0.05385136604309082
bwd 0 1591642166.0216775 0.07889628410339355
recvacts 0 1591642166.1008155 9.5367431640625e-07
fwd 0 1591642166.1008258 0.05414152145385742
bwd 0 1591642166.155062 0.07916021347045898
recvacts 0 1591642166.2344666 4.76837158203125e-07
fwd 0 1591642166.2344756 0.05387616157531738
bwd 0 1591642166.288437 0.07888293266296387
recvacts 0 1591642166.3675513 4.76837158203125e-07
fwd 0 1591642166.36756 0.053838253021240234
bwd 0 1591642166.4214904 0.079071044921875
recvacts 0 1591642166.5008514 4.76837158203125e-07
fwd 0 1591642166.5008616 0.05399799346923828
bwd 0 1591642166.5549514 0.07914876937866211
recvacts 0 1591642166.6343756 7.152557373046875e-07
fwd 0 1591642166.6343865 0.0538637638092041
bwd 0 1591642166.6883428 0.07930874824523926
recvacts 0 1591642166.7680058 9.5367431640625e-07
fwd 0 1591642166.768018 0.054132938385009766
bwd 0 1591642166.8222444 0.07947301864624023
recvacts 0 1591642166.9020875 9.5367431640625e-07
fwd 0 1591642166.9020991 0.05414938926696777
bwd 0 1591642166.956344 0.07927203178405762
recvacts 0 1591642167.0358791 7.152557373046875e-07
fwd 0 1591642167.03589 0.05394291877746582
bwd 0 1591642167.0899234 0.07911133766174316
recvacts 0 1591642167.169302 9.5367431640625e-07
fwd 0 1591642167.169313 0.053908348083496094
bwd 0 1591642167.2233047 0.07911419868469238
recvacts 0 1591642167.3027086 9.5367431640625e-07
fwd 0 1591642167.30272 0.05386829376220703
bwd 0 1591642167.3566775 0.0790853500366211
recvacts 0 1591642167.4360542 4.76837158203125e-07
fwd 0 1591642167.4360652 0.053938865661621094
bwd 0 1591642167.4901145 0.07941317558288574
recvacts 0 1591642167.5698476 7.152557373046875e-07
fwd 0 1591642167.5698595 0.05406999588012695
bwd 0 1591642167.6240213 0.07899975776672363
recvacts 0 1591642167.7032616 4.76837158203125e-07
fwd 0 1591642167.703271 0.053772687911987305
bwd 0 1591642167.7571282 0.07906675338745117
SYNC! all_reduce 163109376 1591642167.837269 0.00012636184692382812
overflow sync 1591642167.837486 2.384185791015625e-07
SYNC! all-reduce time 0.6464123725891113

BATCH END 1591642163.5675101 4.915402173995972

