start time 1591350895.8690894
recvacts 0 1591350895.869301 7.152557373046875e-07
fwd 0 1591350895.8693266 0.3641824722290039
bwd 0 1591350896.2336667 0.08330726623535156
recvacts 0 1591350896.317478 7.152557373046875e-07
fwd 0 1591350896.31749 0.054201364517211914
bwd 0 1591350896.3718016 0.07950234413146973
recvacts 0 1591350896.451835 4.76837158203125e-07
fwd 0 1591350896.451859 0.05394697189331055
bwd 0 1591350896.5058997 0.07928633689880371
recvacts 0 1591350896.5856893 7.152557373046875e-07
fwd 0 1591350896.5856996 0.05419492721557617
bwd 0 1591350896.6399934 0.07977700233459473
recvacts 0 1591350896.7203205 9.5367431640625e-07
fwd 0 1591350896.7203324 0.054146528244018555
bwd 0 1591350896.774575 0.07935118675231934
recvacts 0 1591350896.854465 7.152557373046875e-07
fwd 0 1591350896.8544755 0.05396580696105957
bwd 0 1591350896.9085379 0.07962942123413086
recvacts 0 1591350896.988748 7.152557373046875e-07
fwd 0 1591350896.9887598 0.0541682243347168
bwd 0 1591350897.0430224 0.07941222190856934
recvacts 0 1591350897.1230175 7.152557373046875e-07
fwd 0 1591350897.123029 0.05408072471618652
bwd 0 1591350897.1772041 0.07930684089660645
recvacts 0 1591350897.2570271 4.76837158203125e-07
fwd 0 1591350897.2570376 0.05397796630859375
bwd 0 1591350897.3111022 0.07918834686279297
recvacts 0 1591350897.390839 4.76837158203125e-07
fwd 0 1591350897.3908482 0.05379652976989746
bwd 0 1591350897.4447458 0.07915568351745605
recvacts 0 1591350897.524492 4.76837158203125e-07
fwd 0 1591350897.5245018 0.053885459899902344
bwd 0 1591350897.5784738 0.07906866073608398
recvacts 0 1591350897.6582937 7.152557373046875e-07
fwd 0 1591350897.6583045 0.053833723068237305
bwd 0 1591350897.712225 0.07990193367004395
recvacts 0 1591350897.7926607 7.152557373046875e-07
fwd 0 1591350897.7926702 0.05412006378173828
bwd 0 1591350897.846875 0.07946085929870605
recvacts 0 1591350897.9268513 4.76837158203125e-07
fwd 0 1591350897.9268603 0.0541386604309082
bwd 0 1591350897.9810843 0.0792386531829834
recvacts 0 1591350898.060828 2.384185791015625e-07
fwd 0 1591350898.0608368 0.053938865661621094
bwd 0 1591350898.1148677 0.0794212818145752
recvacts 0 1591350898.194795 7.152557373046875e-07
fwd 0 1591350898.1948044 0.05393624305725098
bwd 0 1591350898.2488275 0.07947182655334473
recvacts 0 1591350898.328831 7.152557373046875e-07
fwd 0 1591350898.328843 0.05396580696105957
bwd 0 1591350898.382896 0.08100509643554688
recvacts 0 1591350898.4642494 7.152557373046875e-07
fwd 0 1591350898.4642606 0.0542299747467041
bwd 0 1591350898.5185814 0.07912039756774902
recvacts 0 1591350898.598002 9.5367431640625e-07
fwd 0 1591350898.5980132 0.05394601821899414
bwd 0 1591350898.6520493 0.07941508293151855
recvacts 0 1591350898.731856 9.5367431640625e-07
fwd 0 1591350898.7318695 0.0540921688079834
bwd 0 1591350898.7860508 0.07921767234802246
recvacts 0 1591350898.8655746 1.1920928955078125e-06
fwd 0 1591350898.8655856 0.05397653579711914
bwd 0 1591350898.9196503 0.07949066162109375
recvacts 0 1591350898.999521 9.5367431640625e-07
fwd 0 1591350898.9995327 0.054204463958740234
bwd 0 1591350899.0538495 0.08125829696655273
recvacts 0 1591350899.135479 1.6689300537109375e-06
fwd 0 1591350899.1354914 0.06143355369567871
bwd 0 1591350899.1970296 0.07985687255859375
recvacts 0 1591350899.2771435 4.76837158203125e-07
fwd 0 1591350899.2771542 0.0542140007019043
bwd 0 1591350899.3314629 0.0794992446899414
recvacts 0 1591350899.4112108 7.152557373046875e-07
fwd 0 1591350899.4112208 0.05399632453918457
bwd 0 1591350899.4653175 0.08031678199768066
recvacts 0 1591350899.5460796 1.9073486328125e-06
fwd 0 1591350899.5460951 0.05451655387878418
bwd 0 1591350899.600729 0.07922196388244629
recvacts 0 1591350899.6803 7.152557373046875e-07
fwd 0 1591350899.6803102 0.05385088920593262
bwd 0 1591350899.7342489 0.07905745506286621
recvacts 0 1591350899.8135974 7.152557373046875e-07
fwd 0 1591350899.8136072 0.05385136604309082
bwd 0 1591350899.8675427 0.07953906059265137
recvacts 0 1591350899.9474247 9.5367431640625e-07
fwd 0 1591350899.9474354 0.05411887168884277
bwd 0 1591350900.001655 0.0789179801940918
recvacts 0 1591350900.0808134 4.76837158203125e-07
fwd 0 1591350900.0808325 0.05430150032043457
bwd 0 1591350900.1352208 0.07922863960266113
recvacts 0 1591350900.2147107 9.5367431640625e-07
fwd 0 1591350900.2147205 0.05377626419067383
bwd 0 1591350900.2685883 0.07907319068908691
recvacts 0 1591350900.3479075 7.152557373046875e-07
fwd 0 1591350900.3479173 0.053945064544677734
bwd 0 1591350900.4019487 0.07913327217102051
SYNC! all_reduce 163109376 1591350900.4822628 0.2448422908782959
overflow sync 1591350900.7273228 2.384185791015625e-07
SYNC! all-reduce time 0.9815928936004639

BATCH END 1591350895.8692586 5.593653440475464

start time 1591350901.4918814
recvacts 0 1591350901.4919863 2.384185791015625e-07
fwd 0 1591350901.4919965 0.05595064163208008
bwd 0 1591350901.548039 0.0794684886932373
recvacts 0 1591350901.6278422 1.9073486328125e-06
fwd 0 1591350901.627857 0.05422019958496094
bwd 0 1591350901.6821718 0.07990694046020508
recvacts 0 1591350901.7626164 4.76837158203125e-07
fwd 0 1591350901.7626257 0.053803443908691406
bwd 0 1591350901.816518 0.07919526100158691
recvacts 0 1591350901.8962283 7.152557373046875e-07
fwd 0 1591350901.8962507 0.053820133209228516
bwd 0 1591350901.950156 0.07910013198852539
recvacts 0 1591350902.0298274 4.76837158203125e-07
fwd 0 1591350902.0298371 0.053910017013549805
bwd 0 1591350902.083835 0.07909870147705078
recvacts 0 1591350902.163508 4.76837158203125e-07
fwd 0 1591350902.1635177 0.05397391319274902
bwd 0 1591350902.2175906 0.07939267158508301
recvacts 0 1591350902.2974963 4.76837158203125e-07
fwd 0 1591350902.2975056 0.05408143997192383
bwd 0 1591350902.3516808 0.07918691635131836
recvacts 0 1591350902.4313948 4.76837158203125e-07
fwd 0 1591350902.4314044 0.05438971519470215
bwd 0 1591350902.4858804 0.0791623592376709
recvacts 0 1591350902.5656052 4.76837158203125e-07
fwd 0 1591350902.5656142 0.05388641357421875
bwd 0 1591350902.6195998 0.07955670356750488
recvacts 0 1591350902.6996086 7.152557373046875e-07
fwd 0 1591350902.699619 0.05405855178833008
bwd 0 1591350902.7537818 0.07961106300354004
recvacts 0 1591350902.8339133 9.5367431640625e-07
fwd 0 1591350902.8339248 0.054041147232055664
bwd 0 1591350902.8880618 0.07935523986816406
recvacts 0 1591350902.9679632 9.5367431640625e-07
fwd 0 1591350902.9679751 0.05421757698059082
bwd 0 1591350903.0222917 0.0806121826171875
recvacts 0 1591350903.1034803 9.5367431640625e-07
fwd 0 1591350903.1034918 0.05446743965148926
bwd 0 1591350903.1580586 0.07967019081115723
recvacts 0 1591350903.2382562 7.152557373046875e-07
fwd 0 1591350903.2382667 0.05408215522766113
bwd 0 1591350903.2924368 0.07924246788024902
recvacts 0 1591350903.372211 4.76837158203125e-07
fwd 0 1591350903.3722205 0.05386614799499512
bwd 0 1591350903.426174 0.07922697067260742
recvacts 0 1591350903.505915 4.76837158203125e-07
fwd 0 1591350903.505925 0.05395960807800293
bwd 0 1591350903.5599706 0.07920145988464355
recvacts 0 1591350903.6397038 4.76837158203125e-07
fwd 0 1591350903.639713 0.053902387619018555
bwd 0 1591350903.6937 0.07960963249206543
recvacts 0 1591350903.7738757 2.1457672119140625e-06
fwd 0 1591350903.7738912 0.054219722747802734
bwd 0 1591350903.8282022 0.07912826538085938
recvacts 0 1591350903.9076107 7.152557373046875e-07
fwd 0 1591350903.9076207 0.05394554138183594
bwd 0 1591350903.9616535 0.0790548324584961
recvacts 0 1591350904.0409484 9.5367431640625e-07
fwd 0 1591350904.0409584 0.0539243221282959
bwd 0 1591350904.0949686 0.07900571823120117
recvacts 0 1591350904.1742196 4.76837158203125e-07
fwd 0 1591350904.1742287 0.053902626037597656
bwd 0 1591350904.2282176 0.07901239395141602
recvacts 0 1591350904.3074772 4.76837158203125e-07
fwd 0 1591350904.3074865 0.05392932891845703
bwd 0 1591350904.3615162 0.07901358604431152
recvacts 0 1591350904.4407985 4.76837158203125e-07
fwd 0 1591350904.4408076 0.0539240837097168
bwd 0 1591350904.494825 0.07898473739624023
recvacts 0 1591350904.574051 4.76837158203125e-07
fwd 0 1591350904.5740597 0.053839921951293945
bwd 0 1591350904.6279933 0.07910442352294922
recvacts 0 1591350904.7073982 7.152557373046875e-07
fwd 0 1591350904.707408 0.05385708808898926
bwd 0 1591350904.7613494 0.07991266250610352
recvacts 0 1591350904.8415847 7.152557373046875e-07
fwd 0 1591350904.841595 0.05441117286682129
bwd 0 1591350904.8960936 0.07987117767333984
recvacts 0 1591350904.976285 9.5367431640625e-07
fwd 0 1591350904.9762962 0.05456399917602539
bwd 0 1591350905.0309582 0.0795598030090332
recvacts 0 1591350905.110864 1.1920928955078125e-06
fwd 0 1591350905.1108754 0.05406928062438965
bwd 0 1591350905.1650324 0.07910394668579102
recvacts 0 1591350905.2443907 7.152557373046875e-07
fwd 0 1591350905.2443998 0.0539402961730957
bwd 0 1591350905.29843 0.07911801338195801
recvacts 0 1591350905.3777902 4.76837158203125e-07
fwd 0 1591350905.3778014 0.053862571716308594
bwd 0 1591350905.4317493 0.07917451858520508
recvacts 0 1591350905.5112085 7.152557373046875e-07
fwd 0 1591350905.511217 0.05392932891845703
bwd 0 1591350905.5652344 0.07898211479187012
recvacts 0 1591350905.6444793 4.76837158203125e-07
fwd 0 1591350905.644489 0.05389881134033203
bwd 0 1591350905.6984859 0.07924747467041016
SYNC! all_reduce 163109376 1591350905.7788708 0.00017976760864257812
overflow sync 1591350905.7791421 2.384185791015625e-07
SYNC! all-reduce time 0.5580995082855225

BATCH END 1591350901.4919584 4.844226121902466

start time 1591350906.3527055
recvacts 0 1591350906.3528352 4.76837158203125e-07
fwd 0 1591350906.3528461 0.05411243438720703
bwd 0 1591350906.4070513 0.07906317710876465
recvacts 0 1591350906.4864218 7.152557373046875e-07
fwd 0 1591350906.4864454 0.053882598876953125
bwd 0 1591350906.540431 0.07904291152954102
recvacts 0 1591350906.6197143 4.76837158203125e-07
fwd 0 1591350906.6197238 0.05392313003540039
bwd 0 1591350906.673732 0.07890200614929199
recvacts 0 1591350906.7528732 7.152557373046875e-07
fwd 0 1591350906.7528825 0.05383586883544922
bwd 0 1591350906.8068058 0.07916045188903809
recvacts 0 1591350906.8862553 9.5367431640625e-07
fwd 0 1591350906.8862665 0.05411481857299805
bwd 0 1591350906.9405053 0.08076596260070801
recvacts 0 1591350907.0216594 9.5367431640625e-07
fwd 0 1591350907.021672 0.054198503494262695
bwd 0 1591350907.0759645 0.07917022705078125
recvacts 0 1591350907.155396 9.5367431640625e-07
fwd 0 1591350907.1554213 0.053885698318481445
bwd 0 1591350907.209392 0.08009529113769531
recvacts 0 1591350907.2897303 7.152557373046875e-07
fwd 0 1591350907.2897396 0.05446290969848633
bwd 0 1591350907.3442976 0.07965397834777832
recvacts 0 1591350907.4242096 9.5367431640625e-07
fwd 0 1591350907.42422 0.054221391677856445
bwd 0 1591350907.4785366 0.07930755615234375
recvacts 0 1591350907.5580962 9.5367431640625e-07
fwd 0 1591350907.558107 0.05399036407470703
bwd 0 1591350907.6121888 0.0790705680847168
recvacts 0 1591350907.691551 4.76837158203125e-07
fwd 0 1591350907.691562 0.053850650787353516
bwd 0 1591350907.7454972 0.07933545112609863
recvacts 0 1591350907.8250687 9.5367431640625e-07
fwd 0 1591350907.8250782 0.05415034294128418
bwd 0 1591350907.8793259 0.07974720001220703
recvacts 0 1591350907.9593709 7.152557373046875e-07
fwd 0 1591350907.959396 0.05444455146789551
bwd 0 1591350908.013932 0.07939529418945312
recvacts 0 1591350908.093683 7.152557373046875e-07
fwd 0 1591350908.0936944 0.05397343635559082
bwd 0 1591350908.1477537 0.07902359962463379
recvacts 0 1591350908.2270179 7.152557373046875e-07
fwd 0 1591350908.2270267 0.05393028259277344
bwd 0 1591350908.281041 0.07892537117004395
recvacts 0 1591350908.3601992 7.152557373046875e-07
fwd 0 1591350908.3602083 0.05380105972290039
bwd 0 1591350908.414095 0.07954287528991699
recvacts 0 1591350908.4939592 1.1920928955078125e-06
fwd 0 1591350908.4939725 0.05427384376525879
bwd 0 1591350908.5483406 0.0790865421295166
recvacts 0 1591350908.6276662 4.76837158203125e-07
fwd 0 1591350908.6276753 0.05398440361022949
bwd 0 1591350908.6817477 0.07908987998962402
recvacts 0 1591350908.7611191 1.1920928955078125e-06
fwd 0 1591350908.7611303 0.05399942398071289
bwd 0 1591350908.8152452 0.07979345321655273
recvacts 0 1591350908.8954027 9.5367431640625e-07
fwd 0 1591350908.895415 0.05413556098937988
bwd 0 1591350908.9496453 0.07947659492492676
recvacts 0 1591350909.029417 7.152557373046875e-07
fwd 0 1591350909.0294292 0.05410265922546387
bwd 0 1591350909.0836208 0.07923412322998047
recvacts 0 1591350909.1631556 7.152557373046875e-07
fwd 0 1591350909.163167 0.054044246673583984
bwd 0 1591350909.2173038 0.07919955253601074
recvacts 0 1591350909.296816 7.152557373046875e-07
fwd 0 1591350909.2968268 0.05388236045837402
bwd 0 1591350909.3507974 0.07896900177001953
recvacts 0 1591350909.4300423 7.152557373046875e-07
fwd 0 1591350909.4300516 0.05386495590209961
bwd 0 1591350909.4840035 0.07905817031860352
recvacts 0 1591350909.5633576 7.152557373046875e-07
fwd 0 1591350909.5633667 0.05388498306274414
bwd 0 1591350909.6173468 0.07898855209350586
recvacts 0 1591350909.696584 4.76837158203125e-07
fwd 0 1591350909.6965928 0.0538485050201416
bwd 0 1591350909.750526 0.07896065711975098
recvacts 0 1591350909.8297765 7.152557373046875e-07
fwd 0 1591350909.8297853 0.053833723068237305
bwd 0 1591350909.8837051 0.07893681526184082
recvacts 0 1591350909.9628818 4.76837158203125e-07
fwd 0 1591350909.9628913 0.05394577980041504
bwd 0 1591350910.0169303 0.07933282852172852
recvacts 0 1591350910.0965312 4.76837158203125e-07
fwd 0 1591350910.0965407 0.05384063720703125
bwd 0 1591350910.150467 0.07887554168701172
recvacts 0 1591350910.229583 4.76837158203125e-07
fwd 0 1591350910.2295926 0.053884267807006836
bwd 0 1591350910.2835627 0.07930731773376465
recvacts 0 1591350910.3632088 9.5367431640625e-07
fwd 0 1591350910.3632207 0.05405616760253906
bwd 0 1591350910.4173758 0.07941937446594238
recvacts 0 1591350910.4971485 9.5367431640625e-07
fwd 0 1591350910.4971616 0.05408525466918945
bwd 0 1591350910.5513625 0.0796976089477539
SYNC! all_reduce 163109376 1591350910.632248 0.00021910667419433594
overflow sync 1591350910.632558 2.384185791015625e-07
SYNC! all-reduce time 0.5802657604217529

BATCH END 1591350906.35281 4.858964204788208

start time 1591461689.8266053
recvacts 0 1591461689.8268104 2.384185791015625e-07
fwd 0 1591461689.8268304 0.3739166259765625
bwd 0 1591461690.2009265 0.08610320091247559
recvacts 0 1591461690.2872818 4.76837158203125e-07
fwd 0 1591461690.2872927 0.05711531639099121
bwd 0 1591461690.3444932 0.08057665824890137
recvacts 0 1591461690.4252996 4.76837158203125e-07
fwd 0 1591461690.4253094 0.05415844917297363
bwd 0 1591461690.479553 0.07941889762878418
recvacts 0 1591461690.55921 4.76837158203125e-07
fwd 0 1591461690.5592191 0.05393052101135254
bwd 0 1591461690.6132395 0.07901382446289062
recvacts 0 1591461690.6924915 4.76837158203125e-07
fwd 0 1591461690.692501 0.05413961410522461
bwd 0 1591461690.7467253 0.07900309562683105
recvacts 0 1591461690.8259578 7.152557373046875e-07
fwd 0 1591461690.8259668 0.05386066436767578
bwd 0 1591461690.8799129 0.07891440391540527
recvacts 0 1591461690.9590557 4.76837158203125e-07
fwd 0 1591461690.9590645 0.053800106048583984
bwd 0 1591461691.0129547 0.0791006088256836
recvacts 0 1591461691.0923183 7.152557373046875e-07
fwd 0 1591461691.092329 0.05388069152832031
bwd 0 1591461691.1462953 0.07895374298095703
recvacts 0 1591461691.225485 4.76837158203125e-07
fwd 0 1591461691.2254946 0.05392026901245117
bwd 0 1591461691.279508 0.07922005653381348
recvacts 0 1591461691.3590806 7.152557373046875e-07
fwd 0 1591461691.359092 0.054021358489990234
bwd 0 1591461691.4131992 0.07906055450439453
recvacts 0 1591461691.492547 4.76837158203125e-07
fwd 0 1591461691.4925563 0.053902387619018555
bwd 0 1591461691.5465498 0.07889556884765625
recvacts 0 1591461691.6256742 4.76837158203125e-07
fwd 0 1591461691.6256833 0.05377030372619629
bwd 0 1591461691.6795397 0.07906579971313477
recvacts 0 1591461691.758886 4.76837158203125e-07
fwd 0 1591461691.7588959 0.05392169952392578
bwd 0 1591461691.812908 0.07903146743774414
recvacts 0 1591461691.892193 4.76837158203125e-07
fwd 0 1591461691.8922033 0.05391693115234375
bwd 0 1591461691.946205 0.07900762557983398
recvacts 0 1591461692.0254846 7.152557373046875e-07
fwd 0 1591461692.0254948 0.05420279502868652
bwd 0 1591461692.0797844 0.07901597023010254
recvacts 0 1591461692.159051 4.76837158203125e-07
fwd 0 1591461692.1590612 0.05407571792602539
bwd 0 1591461692.2132454 0.07965445518493652
recvacts 0 1591461692.2932503 7.152557373046875e-07
fwd 0 1591461692.2932625 0.05402231216430664
bwd 0 1591461692.347371 0.07904219627380371
recvacts 0 1591461692.426643 4.76837158203125e-07
fwd 0 1591461692.426652 0.05380725860595703
bwd 0 1591461692.4805481 0.07900738716125488
recvacts 0 1591461692.5597956 7.152557373046875e-07
fwd 0 1591461692.559805 0.05388927459716797
bwd 0 1591461692.613785 0.07889723777770996
recvacts 0 1591461692.6929262 2.384185791015625e-07
fwd 0 1591461692.6929357 0.05377507209777832
bwd 0 1591461692.7467935 0.0788419246673584
recvacts 0 1591461692.8258612 4.76837158203125e-07
fwd 0 1591461692.8258698 0.05381941795349121
bwd 0 1591461692.8797727 0.07896924018859863
recvacts 0 1591461692.959033 4.76837158203125e-07
fwd 0 1591461692.9590423 0.05377912521362305
bwd 0 1591461693.0129204 0.07897543907165527
recvacts 0 1591461693.0921562 4.76837158203125e-07
fwd 0 1591461693.092166 0.05392622947692871
bwd 0 1591461693.1461852 0.07892632484436035
recvacts 0 1591461693.2253382 4.76837158203125e-07
fwd 0 1591461693.225347 0.05388188362121582
bwd 0 1591461693.2793136 0.07890534400939941
recvacts 0 1591461693.3584526 4.76837158203125e-07
fwd 0 1591461693.3584616 0.0538632869720459
bwd 0 1591461693.4124103 0.07893252372741699
recvacts 0 1591461693.4915755 4.76837158203125e-07
fwd 0 1591461693.4915848 0.05392169952392578
bwd 0 1591461693.5455923 0.0789027214050293
recvacts 0 1591461693.6247258 4.76837158203125e-07
fwd 0 1591461693.6247349 0.05390310287475586
bwd 0 1591461693.6787276 0.07916855812072754
recvacts 0 1591461693.7581744 7.152557373046875e-07
fwd 0 1591461693.7581851 0.05391836166381836
bwd 0 1591461693.8121867 0.07891273498535156
recvacts 0 1591461693.8913264 4.76837158203125e-07
fwd 0 1591461693.8913352 0.0541841983795166
bwd 0 1591461693.9456034 0.07902836799621582
recvacts 0 1591461694.0248961 7.152557373046875e-07
fwd 0 1591461694.0249054 0.05384659767150879
bwd 0 1591461694.0788348 0.0789039134979248
recvacts 0 1591461694.1579938 4.76837158203125e-07
fwd 0 1591461694.1580036 0.05379080772399902
bwd 0 1591461694.2118914 0.07891845703125
recvacts 0 1591461694.2910976 4.76837158203125e-07
fwd 0 1591461694.2911072 0.05383563041687012
bwd 0 1591461694.3450263 0.0789804458618164
SYNC! all_reduce 163109376 1591461694.4251292 0.7131831645965576
overflow sync 1591461695.1385229 2.384185791015625e-07
SYNC! all-reduce time 1.528538703918457

BATCH END 1591461689.8267643 6.126115560531616

start time 1591461695.9754748
recvacts 0 1591461695.975577 4.76837158203125e-07
fwd 0 1591461695.9755888 0.05444669723510742
bwd 0 1591461696.0301356 0.07897806167602539
recvacts 0 1591461696.1093724 4.76837158203125e-07
fwd 0 1591461696.1093855 0.05394244194030762
bwd 0 1591461696.1634123 0.07902002334594727
recvacts 0 1591461696.2426586 7.152557373046875e-07
fwd 0 1591461696.2426674 0.053833961486816406
bwd 0 1591461696.2965844 0.07894372940063477
recvacts 0 1591461696.3757555 4.76837158203125e-07
fwd 0 1591461696.3757644 0.05388617515563965
bwd 0 1591461696.4297376 0.07893991470336914
recvacts 0 1591461696.508929 4.76837158203125e-07
fwd 0 1591461696.5089386 0.05384564399719238
bwd 0 1591461696.5628686 0.07893133163452148
recvacts 0 1591461696.6420424 4.76837158203125e-07
fwd 0 1591461696.6420512 0.05381512641906738
bwd 0 1591461696.6959496 0.07891249656677246
recvacts 0 1591461696.775092 4.76837158203125e-07
fwd 0 1591461696.7751012 0.053763628005981445
bwd 0 1591461696.828949 0.0790102481842041
recvacts 0 1591461696.9081957 7.152557373046875e-07
fwd 0 1591461696.908205 0.05415201187133789
bwd 0 1591461696.9624422 0.07900810241699219
recvacts 0 1591461697.0416827 4.76837158203125e-07
fwd 0 1591461697.041692 0.054082393646240234
bwd 0 1591461697.0958602 0.07892799377441406
recvacts 0 1591461697.175026 4.76837158203125e-07
fwd 0 1591461697.1750355 0.0538785457611084
bwd 0 1591461697.2289996 0.07889270782470703
recvacts 0 1591461697.3081243 7.152557373046875e-07
fwd 0 1591461697.3081331 0.053835153579711914
bwd 0 1591461697.3620522 0.07886648178100586
recvacts 0 1591461697.441153 4.76837158203125e-07
fwd 0 1591461697.4411619 0.053832054138183594
bwd 0 1591461697.4950786 0.07894301414489746
recvacts 0 1591461697.5742636 7.152557373046875e-07
fwd 0 1591461697.5742729 0.053906917572021484
bwd 0 1591461697.6282747 0.07893538475036621
recvacts 0 1591461697.7074406 7.152557373046875e-07
fwd 0 1591461697.7074502 0.05377626419067383
bwd 0 1591461697.761312 0.07886648178100586
recvacts 0 1591461697.8404253 4.76837158203125e-07
fwd 0 1591461697.840435 0.05382347106933594
bwd 0 1591461697.894343 0.07890462875366211
recvacts 0 1591461697.9734836 4.76837158203125e-07
fwd 0 1591461697.973493 0.053824424743652344
bwd 0 1591461698.0274014 0.07891464233398438
recvacts 0 1591461698.1065507 7.152557373046875e-07
fwd 0 1591461698.1065598 0.053858280181884766
bwd 0 1591461698.1605043 0.07888507843017578
recvacts 0 1591461698.2396212 7.152557373046875e-07
fwd 0 1591461698.2396302 0.053894758224487305
bwd 0 1591461698.2936106 0.07894730567932129
recvacts 0 1591461698.3727896 4.76837158203125e-07
fwd 0 1591461698.3727987 0.053865671157836914
bwd 0 1591461698.4268067 0.07992362976074219
recvacts 0 1591461698.5069973 7.152557373046875e-07
fwd 0 1591461698.5070071 0.05431938171386719
bwd 0 1591461698.5614183 0.07917475700378418
recvacts 0 1591461698.6408527 7.152557373046875e-07
fwd 0 1591461698.6408627 0.05393171310424805
bwd 0 1591461698.6948795 0.07884883880615234
recvacts 0 1591461698.7739615 4.76837158203125e-07
fwd 0 1591461698.7739704 0.05392909049987793
bwd 0 1591461698.8279836 0.07941269874572754
recvacts 0 1591461698.9076283 4.76837158203125e-07
fwd 0 1591461698.9076376 0.05414867401123047
bwd 0 1591461698.9618728 0.07962274551391602
recvacts 0 1591461699.0417998 4.76837158203125e-07
fwd 0 1591461699.041809 0.054189205169677734
bwd 0 1591461699.0960934 0.07916855812072754
recvacts 0 1591461699.1755102 9.5367431640625e-07
fwd 0 1591461699.1755214 0.053915977478027344
bwd 0 1591461699.2295208 0.07902932167053223
recvacts 0 1591461699.3087797 4.76837158203125e-07
fwd 0 1591461699.3087885 0.0537714958190918
bwd 0 1591461699.3626413 0.07885193824768066
recvacts 0 1591461699.4417217 2.384185791015625e-07
fwd 0 1591461699.4417303 0.053774356842041016
bwd 0 1591461699.4955926 0.07900786399841309
recvacts 0 1591461699.5748844 4.76837158203125e-07
fwd 0 1591461699.5748937 0.05385732650756836
bwd 0 1591461699.6288333 0.07973980903625488
recvacts 0 1591461699.708818 4.76837158203125e-07
fwd 0 1591461699.708827 0.054123878479003906
bwd 0 1591461699.763033 0.07896804809570312
recvacts 0 1591461699.8422313 4.76837158203125e-07
fwd 0 1591461699.842242 0.053919315338134766
bwd 0 1591461699.8962529 0.07896232604980469
recvacts 0 1591461699.9754472 7.152557373046875e-07
fwd 0 1591461699.9754565 0.05403733253479004
bwd 0 1591461700.029579 0.07960295677185059
recvacts 0 1591461700.10942 4.76837158203125e-07
fwd 0 1591461700.109429 0.05410957336425781
bwd 0 1591461700.1636202 0.07943463325500488
SYNC! all_reduce 163109376 1591461700.2442706 0.0001220703125
overflow sync 1591461700.2444866 0.0
SYNC! all-reduce time 0.6231274604797363

BATCH END 1591461695.975547 4.890954971313477

start time 1591461700.881406
recvacts 0 1591461700.8814883 4.76837158203125e-07
fwd 0 1591461700.881498 0.05415844917297363
bwd 0 1591461700.9357479 0.07889747619628906
recvacts 0 1591461701.014889 4.76837158203125e-07
fwd 0 1591461701.014899 0.05393862724304199
bwd 0 1591461701.068924 0.07895374298095703
recvacts 0 1591461701.1481194 7.152557373046875e-07
fwd 0 1591461701.148129 0.05389237403869629
bwd 0 1591461701.2021053 0.07885456085205078
recvacts 0 1591461701.2811894 7.152557373046875e-07
fwd 0 1591461701.281198 0.05382990837097168
bwd 0 1591461701.3351147 0.07895898818969727
recvacts 0 1591461701.4143555 4.76837158203125e-07
fwd 0 1591461701.4143648 0.053861141204833984
bwd 0 1591461701.468321 0.0789639949798584
recvacts 0 1591461701.5475214 7.152557373046875e-07
fwd 0 1591461701.547531 0.05385565757751465
bwd 0 1591461701.6014752 0.07886528968811035
recvacts 0 1591461701.680588 4.76837158203125e-07
fwd 0 1591461701.680597 0.05384039878845215
bwd 0 1591461701.7345216 0.07893204689025879
recvacts 0 1591461701.8137023 2.384185791015625e-07
fwd 0 1591461701.8137116 0.05384540557861328
bwd 0 1591461701.867659 0.07885885238647461
recvacts 0 1591461701.9467602 4.76837158203125e-07
fwd 0 1591461701.94677 0.05379629135131836
bwd 0 1591461702.0006692 0.07886195182800293
recvacts 0 1591461702.0797763 7.152557373046875e-07
fwd 0 1591461702.0797856 0.05385541915893555
bwd 0 1591461702.1337254 0.08044552803039551
recvacts 0 1591461702.2144227 9.5367431640625e-07
fwd 0 1591461702.2144322 0.054351806640625
bwd 0 1591461702.2688706 0.07909536361694336
recvacts 0 1591461702.3481991 7.152557373046875e-07
fwd 0 1591461702.3482084 0.05390119552612305
bwd 0 1591461702.4021962 0.07894659042358398
recvacts 0 1591461702.4814534 4.76837158203125e-07
fwd 0 1591461702.4814622 0.05382204055786133
bwd 0 1591461702.5353668 0.07975244522094727
recvacts 0 1591461702.6153893 7.152557373046875e-07
fwd 0 1591461702.6153982 0.05411934852600098
bwd 0 1591461702.669616 0.07937049865722656
recvacts 0 1591461702.7492228 7.152557373046875e-07
fwd 0 1591461702.7492316 0.053994178771972656
bwd 0 1591461702.803308 0.07896304130554199
recvacts 0 1591461702.8825014 4.76837158203125e-07
fwd 0 1591461702.8825107 0.05377316474914551
bwd 0 1591461702.936367 0.07894158363342285
recvacts 0 1591461703.0155418 4.76837158203125e-07
fwd 0 1591461703.0155513 0.05393242835998535
bwd 0 1591461703.0695822 0.07889246940612793
recvacts 0 1591461703.1487138 4.76837158203125e-07
fwd 0 1591461703.1487231 0.053863525390625
bwd 0 1591461703.202671 0.07886934280395508
recvacts 0 1591461703.2817922 7.152557373046875e-07
fwd 0 1591461703.2818012 0.053850650787353516
bwd 0 1591461703.3357437 0.07892131805419922
recvacts 0 1591461703.4148998 7.152557373046875e-07
fwd 0 1591461703.4149094 0.0538942813873291
bwd 0 1591461703.468888 0.07890129089355469
recvacts 0 1591461703.5480268 4.76837158203125e-07
fwd 0 1591461703.5480363 0.05394577980041504
bwd 0 1591461703.602068 0.07944536209106445
recvacts 0 1591461703.6817641 4.76837158203125e-07
fwd 0 1591461703.6817734 0.05414724349975586
bwd 0 1591461703.7360048 0.07921648025512695
recvacts 0 1591461703.8154547 4.76837158203125e-07
fwd 0 1591461703.815464 0.053931236267089844
bwd 0 1591461703.8694797 0.07909297943115234
recvacts 0 1591461703.9488528 4.76837158203125e-07
fwd 0 1591461703.9488618 0.05394697189331055
bwd 0 1591461704.0029027 0.07895851135253906
recvacts 0 1591461704.082138 4.76837158203125e-07
fwd 0 1591461704.0821476 0.053923845291137695
bwd 0 1591461704.1361842 0.07903909683227539
recvacts 0 1591461704.2154772 4.76837158203125e-07
fwd 0 1591461704.2154884 0.05404806137084961
bwd 0 1591461704.2696187 0.07963061332702637
recvacts 0 1591461704.3494802 4.76837158203125e-07
fwd 0 1591461704.3494892 0.05426812171936035
bwd 0 1591461704.4038384 0.07931399345397949
recvacts 0 1591461704.4833813 4.76837158203125e-07
fwd 0 1591461704.48339 0.0539858341217041
bwd 0 1591461704.5374649 0.07918930053710938
recvacts 0 1591461704.6169038 7.152557373046875e-07
fwd 0 1591461704.616913 0.05390620231628418
bwd 0 1591461704.6709013 0.07963371276855469
recvacts 0 1591461704.7507663 4.76837158203125e-07
fwd 0 1591461704.7507758 0.054140567779541016
bwd 0 1591461704.805001 0.07897830009460449
recvacts 0 1591461704.884213 4.76837158203125e-07
fwd 0 1591461704.884222 0.053777217864990234
bwd 0 1591461704.9380817 0.0788412094116211
recvacts 0 1591461705.0171974 4.76837158203125e-07
fwd 0 1591461705.0172064 0.05382513999938965
bwd 0 1591461705.0711136 0.07885622978210449
SYNC! all_reduce 163109376 1591461705.1516848 0.00022864341735839844
overflow sync 1591461705.15209 2.384185791015625e-07
SYNC! all-reduce time 0.5985312461853027

BATCH END 1591461700.8814692 4.867277383804321

start time 1591487151.519062
recvacts 0 1591487151.5192556 7.152557373046875e-07
fwd 0 1591487151.5192678 0.337352991104126
bwd 0 1591487151.856757 0.08137273788452148
recvacts 0 1591487151.938402 9.5367431640625e-07
fwd 0 1591487151.9384296 0.05400705337524414
bwd 0 1591487151.9925208 0.07955384254455566
recvacts 0 1591487152.0723553 4.76837158203125e-07
fwd 0 1591487152.0723653 0.05378866195678711
bwd 0 1591487152.1262548 0.08095216751098633
recvacts 0 1591487152.207464 4.76837158203125e-07
fwd 0 1591487152.207474 0.05407309532165527
bwd 0 1591487152.2616343 0.07900476455688477
recvacts 0 1591487152.3408687 4.76837158203125e-07
fwd 0 1591487152.3408778 0.0538630485534668
bwd 0 1591487152.3948247 0.07898211479187012
recvacts 0 1591487152.4740345 4.76837158203125e-07
fwd 0 1591487152.4740431 0.05378270149230957
bwd 0 1591487152.5279071 0.0789186954498291
recvacts 0 1591487152.6070557 7.152557373046875e-07
fwd 0 1591487152.6070645 0.053781747817993164
bwd 0 1591487152.660931 0.07904243469238281
recvacts 0 1591487152.7402132 9.5367431640625e-07
fwd 0 1591487152.7402225 0.05384397506713867
bwd 0 1591487152.7941484 0.07889223098754883
recvacts 0 1591487152.873274 4.76837158203125e-07
fwd 0 1591487152.8732831 0.053794145584106445
bwd 0 1591487152.9271605 0.07896924018859863
recvacts 0 1591487153.0063593 4.76837158203125e-07
fwd 0 1591487153.006368 0.0538640022277832
bwd 0 1591487153.06032 0.07886385917663574
recvacts 0 1591487153.1394112 2.384185791015625e-07
fwd 0 1591487153.1394198 0.05382108688354492
bwd 0 1591487153.193322 0.0788271427154541
recvacts 0 1591487153.2723925 4.76837158203125e-07
fwd 0 1591487153.2724013 0.053819894790649414
bwd 0 1591487153.3263054 0.07887744903564453
recvacts 0 1591487153.405414 4.76837158203125e-07
fwd 0 1591487153.4054232 0.05377912521362305
bwd 0 1591487153.459288 0.07887482643127441
recvacts 0 1591487153.53841 4.76837158203125e-07
fwd 0 1591487153.5384188 0.053754329681396484
bwd 0 1591487153.5922778 0.0788567066192627
recvacts 0 1591487153.6713672 4.76837158203125e-07
fwd 0 1591487153.6713762 0.05381917953491211
bwd 0 1591487153.7252855 0.07922983169555664
recvacts 0 1591487153.804836 7.152557373046875e-07
fwd 0 1591487153.8048477 0.053941965103149414
bwd 0 1591487153.8588731 0.07895374298095703
recvacts 0 1591487153.9380674 4.76837158203125e-07
fwd 0 1591487153.9380763 0.05379676818847656
bwd 0 1591487153.9919531 0.07885408401489258
recvacts 0 1591487154.0710375 4.76837158203125e-07
fwd 0 1591487154.0710464 0.053819894790649414
bwd 0 1591487154.124949 0.07887148857116699
recvacts 0 1591487154.204049 4.76837158203125e-07
fwd 0 1591487154.204058 0.054056406021118164
bwd 0 1591487154.2582812 0.07901954650878906
recvacts 0 1591487154.3375707 4.76837158203125e-07
fwd 0 1591487154.3375823 0.05396699905395508
bwd 0 1591487154.3916304 0.07888150215148926
recvacts 0 1591487154.4707391 4.76837158203125e-07
fwd 0 1591487154.4707477 0.053812503814697266
bwd 0 1591487154.5246425 0.0792536735534668
recvacts 0 1591487154.604127 4.76837158203125e-07
fwd 0 1591487154.6041358 0.053862810134887695
bwd 0 1591487154.6580935 0.07891988754272461
recvacts 0 1591487154.7372632 4.76837158203125e-07
fwd 0 1591487154.7372725 0.05382227897644043
bwd 0 1591487154.791196 0.07885169982910156
recvacts 0 1591487154.8702967 9.5367431640625e-07
fwd 0 1591487154.8703063 0.05372476577758789
bwd 0 1591487154.924114 0.07889294624328613
recvacts 0 1591487155.0032387 4.76837158203125e-07
fwd 0 1591487155.0032473 0.053797245025634766
bwd 0 1591487155.0571268 0.07887601852416992
recvacts 0 1591487155.1362321 4.76837158203125e-07
fwd 0 1591487155.1362543 0.05383419990539551
bwd 0 1591487155.1901896 0.07883572578430176
recvacts 0 1591487155.26927 4.76837158203125e-07
fwd 0 1591487155.269279 0.0538332462310791
bwd 0 1591487155.3232107 0.07929372787475586
recvacts 0 1591487155.4027414 4.76837158203125e-07
fwd 0 1591487155.4027507 0.05413699150085449
bwd 0 1591487155.4569733 0.07902646064758301
recvacts 0 1591487155.5362499 4.76837158203125e-07
fwd 0 1591487155.5362592 0.05389738082885742
bwd 0 1591487155.590242 0.07897353172302246
recvacts 0 1591487155.6694582 4.76837158203125e-07
fwd 0 1591487155.6694705 0.053903818130493164
bwd 0 1591487155.7234604 0.07904481887817383
recvacts 0 1591487155.8027384 4.76837158203125e-07
fwd 0 1591487155.8027487 0.05389547348022461
bwd 0 1591487155.8567271 0.07884335517883301
recvacts 0 1591487155.9357982 7.152557373046875e-07
fwd 0 1591487155.935807 0.05382394790649414
bwd 0 1591487155.9897127 0.07893753051757812
SYNC! all_reduce 163109376 1591487156.0696533 1.172037124633789
overflow sync 1591487157.2419631 4.76837158203125e-07
SYNC! all-reduce time 2.013944387435913

BATCH END 1591487151.5192282 6.563604116439819

start time 1591487158.100148
recvacts 0 1591487158.100256 4.76837158203125e-07
fwd 0 1591487158.100266 0.05419802665710449
bwd 0 1591487158.154554 0.07893610000610352
recvacts 0 1591487158.233726 4.76837158203125e-07
fwd 0 1591487158.2337363 0.05393171310424805
bwd 0 1591487158.2877536 0.07896041870117188
recvacts 0 1591487158.3669455 4.76837158203125e-07
fwd 0 1591487158.3669546 0.05381155014038086
bwd 0 1591487158.4208484 0.07883262634277344
recvacts 0 1591487158.4999108 4.76837158203125e-07
fwd 0 1591487158.49992 0.053774356842041016
bwd 0 1591487158.553777 0.07879424095153809
recvacts 0 1591487158.6328387 4.76837158203125e-07
fwd 0 1591487158.6328473 0.05382704734802246
bwd 0 1591487158.6867561 0.07885956764221191
recvacts 0 1591487158.7658458 4.76837158203125e-07
fwd 0 1591487158.7658548 0.053794145584106445
bwd 0 1591487158.8197303 0.07903814315795898
recvacts 0 1591487158.8990545 7.152557373046875e-07
fwd 0 1591487158.899064 0.05384707450866699
bwd 0 1591487158.9529924 0.07889962196350098
recvacts 0 1591487159.0321248 4.76837158203125e-07
fwd 0 1591487159.0321333 0.05383753776550293
bwd 0 1591487159.0860667 0.07941126823425293
recvacts 0 1591487159.1657104 4.76837158203125e-07
fwd 0 1591487159.1657193 0.05416440963745117
bwd 0 1591487159.2199655 0.07935905456542969
recvacts 0 1591487159.2995565 7.152557373046875e-07
fwd 0 1591487159.2995653 0.05403590202331543
bwd 0 1591487159.3536804 0.07891297340393066
recvacts 0 1591487159.432824 4.76837158203125e-07
fwd 0 1591487159.4328322 0.0537264347076416
bwd 0 1591487159.486642 0.07979035377502441
recvacts 0 1591487159.5666676 4.76837158203125e-07
fwd 0 1591487159.566677 0.05415487289428711
bwd 0 1591487159.6209157 0.07919836044311523
recvacts 0 1591487159.700361 4.76837158203125e-07
fwd 0 1591487159.70037 0.05386757850646973
bwd 0 1591487159.7543209 0.07894706726074219
recvacts 0 1591487159.8334975 4.76837158203125e-07
fwd 0 1591487159.833506 0.05376696586608887
bwd 0 1591487159.8873546 0.07893610000610352
recvacts 0 1591487159.9665232 4.76837158203125e-07
fwd 0 1591487159.9665318 0.05381584167480469
bwd 0 1591487160.0204306 0.07894563674926758
recvacts 0 1591487160.0996099 4.76837158203125e-07
fwd 0 1591487160.0996194 0.05381631851196289
bwd 0 1591487160.1535172 0.07890462875366211
recvacts 0 1591487160.232695 4.76837158203125e-07
fwd 0 1591487160.232704 0.05380582809448242
bwd 0 1591487160.2865915 0.07971739768981934
recvacts 0 1591487160.3665392 2.384185791015625e-07
fwd 0 1591487160.3665483 0.054151058197021484
bwd 0 1591487160.4207847 0.0790858268737793
recvacts 0 1591487160.5001023 7.152557373046875e-07
fwd 0 1591487160.5001109 0.05386996269226074
bwd 0 1591487160.5540624 0.07891154289245605
recvacts 0 1591487160.6332211 4.76837158203125e-07
fwd 0 1591487160.6332304 0.05392909049987793
bwd 0 1591487160.6872473 0.07893919944763184
recvacts 0 1591487160.7664251 4.76837158203125e-07
fwd 0 1591487160.766435 0.05388665199279785
bwd 0 1591487160.8204038 0.07887673377990723
recvacts 0 1591487160.899512 7.152557373046875e-07
fwd 0 1591487160.8995204 0.05382847785949707
bwd 0 1591487160.9534314 0.07891178131103516
recvacts 0 1591487161.0325737 4.76837158203125e-07
fwd 0 1591487161.0325823 0.05427956581115723
bwd 0 1591487161.0869443 0.07897353172302246
recvacts 0 1591487161.166202 7.152557373046875e-07
fwd 0 1591487161.1662118 0.05384469032287598
bwd 0 1591487161.22014 0.07895827293395996
recvacts 0 1591487161.2993302 4.76837158203125e-07
fwd 0 1591487161.2993393 0.05376935005187988
bwd 0 1591487161.3531897 0.07885336875915527
recvacts 0 1591487161.4322903 4.76837158203125e-07
fwd 0 1591487161.4322994 0.05380392074584961
bwd 0 1591487161.4861844 0.07931280136108398
recvacts 0 1591487161.5657258 4.76837158203125e-07
fwd 0 1591487161.5657341 0.05400586128234863
bwd 0 1591487161.6198227 0.07906436920166016
recvacts 0 1591487161.6991603 4.76837158203125e-07
fwd 0 1591487161.699169 0.05384469032287598
bwd 0 1591487161.7530942 0.07886767387390137
recvacts 0 1591487161.8321931 4.76837158203125e-07
fwd 0 1591487161.832202 0.053853750228881836
bwd 0 1591487161.8861384 0.0793006420135498
recvacts 0 1591487161.9657137 2.384185791015625e-07
fwd 0 1591487161.9657228 0.054028987884521484
bwd 0 1591487162.019834 0.07934451103210449
recvacts 0 1591487162.099407 7.152557373046875e-07
fwd 0 1591487162.0994153 0.05404996871948242
bwd 0 1591487162.1535463 0.07898664474487305
recvacts 0 1591487162.2327871 4.76837158203125e-07
fwd 0 1591487162.232796 0.05389285087585449
bwd 0 1591487162.286772 0.07938528060913086
SYNC! all_reduce 163109376 1591487162.3671732 0.00010418891906738281
overflow sync 1591487162.3674374 2.384185791015625e-07
SYNC! all-reduce time 0.6158716678619385

BATCH END 1591487158.1002192 4.8820812702178955

start time 1591487162.9977396
recvacts 0 1591487162.997828 2.384185791015625e-07
fwd 0 1591487162.9978385 0.054314374923706055
bwd 0 1591487163.052266 0.07925605773925781
recvacts 0 1591487163.1318605 9.5367431640625e-07
fwd 0 1591487163.131876 0.05427122116088867
bwd 0 1591487163.1862566 0.07990646362304688
recvacts 0 1591487163.2665224 7.152557373046875e-07
fwd 0 1591487163.2665331 0.05403614044189453
bwd 0 1591487163.320666 0.07941126823425293
recvacts 0 1591487163.4004364 4.76837158203125e-07
fwd 0 1591487163.4004505 0.05402827262878418
bwd 0 1591487163.454569 0.07954931259155273
recvacts 0 1591487163.5343983 4.76837158203125e-07
fwd 0 1591487163.5344076 0.05408835411071777
bwd 0 1591487163.58858 0.07915306091308594
recvacts 0 1591487163.6679697 7.152557373046875e-07
fwd 0 1591487163.6679792 0.0539402961730957
bwd 0 1591487163.72201 0.07900166511535645
recvacts 0 1591487163.8012965 4.76837158203125e-07
fwd 0 1591487163.8013065 0.05396747589111328
bwd 0 1591487163.855367 0.07919120788574219
recvacts 0 1591487163.9348328 1.1920928955078125e-06
fwd 0 1591487163.934843 0.053908586502075195
bwd 0 1591487163.9888356 0.07897067070007324
recvacts 0 1591487164.0680451 4.76837158203125e-07
fwd 0 1591487164.0680547 0.05392265319824219
bwd 0 1591487164.122062 0.07893967628479004
recvacts 0 1591487164.201248 4.76837158203125e-07
fwd 0 1591487164.2012577 0.05393862724304199
bwd 0 1591487164.2553017 0.07956671714782715
recvacts 0 1591487164.3351197 7.152557373046875e-07
fwd 0 1591487164.3351293 0.05414080619812012
bwd 0 1591487164.389354 0.07931709289550781
recvacts 0 1591487164.4689252 4.76837158203125e-07
fwd 0 1591487164.4689348 0.05393052101135254
bwd 0 1591487164.5229497 0.07886934280395508
recvacts 0 1591487164.602057 4.76837158203125e-07
fwd 0 1591487164.6020656 0.05379652976989746
bwd 0 1591487164.6559477 0.07953000068664551
recvacts 0 1591487164.7357185 4.76837158203125e-07
fwd 0 1591487164.7357275 0.0541684627532959
bwd 0 1591487164.7899806 0.0792090892791748
recvacts 0 1591487164.8694263 4.76837158203125e-07
fwd 0 1591487164.8694353 0.05381894111633301
bwd 0 1591487164.9233382 0.07889127731323242
recvacts 0 1591487165.0025077 7.152557373046875e-07
fwd 0 1591487165.002517 0.05380892753601074
bwd 0 1591487165.0564125 0.0789034366607666
recvacts 0 1591487165.1355894 4.76837158203125e-07
fwd 0 1591487165.1355984 0.05395364761352539
bwd 0 1591487165.1896427 0.07888674736022949
recvacts 0 1591487165.268806 4.76837158203125e-07
fwd 0 1591487165.2688148 0.053867340087890625
bwd 0 1591487165.322766 0.07883810997009277
recvacts 0 1591487165.4018521 4.76837158203125e-07
fwd 0 1591487165.4018614 0.05390191078186035
bwd 0 1591487165.4559026 0.08003878593444824
recvacts 0 1591487165.536176 4.76837158203125e-07
fwd 0 1591487165.536185 0.05440950393676758
bwd 0 1591487165.590678 0.08164048194885254
recvacts 0 1591487165.6725783 4.76837158203125e-07
fwd 0 1591487165.6725879 0.053971052169799805
bwd 0 1591487165.7266626 0.0794823169708252
recvacts 0 1591487165.8064167 7.152557373046875e-07
fwd 0 1591487165.8064272 0.05398082733154297
bwd 0 1591487165.8604944 0.07896637916564941
recvacts 0 1591487165.9397042 7.152557373046875e-07
fwd 0 1591487165.9397135 0.05381011962890625
bwd 0 1591487165.9936078 0.07883048057556152
recvacts 0 1591487166.0726743 4.76837158203125e-07
fwd 0 1591487166.0726833 0.05386161804199219
bwd 0 1591487166.1266294 0.07927346229553223
recvacts 0 1591487166.2061498 4.76837158203125e-07
fwd 0 1591487166.2061594 0.0538935661315918
bwd 0 1591487166.2601373 0.07903528213500977
recvacts 0 1591487166.3394072 7.152557373046875e-07
fwd 0 1591487166.339416 0.053809404373168945
bwd 0 1591487166.393308 0.07942080497741699
recvacts 0 1591487166.4730175 4.76837158203125e-07
fwd 0 1591487166.4730268 0.05406785011291504
bwd 0 1591487166.5271795 0.07927083969116211
recvacts 0 1591487166.6067257 4.76837158203125e-07
fwd 0 1591487166.6067345 0.05438518524169922
bwd 0 1591487166.6612036 0.07897806167602539
recvacts 0 1591487166.7404814 4.76837158203125e-07
fwd 0 1591487166.7404912 0.05392646789550781
bwd 0 1591487166.7945013 0.07931017875671387
recvacts 0 1591487166.874053 4.76837158203125e-07
fwd 0 1591487166.8740625 0.05409526824951172
bwd 0 1591487166.9282556 0.07918643951416016
recvacts 0 1591487167.0076919 7.152557373046875e-07
fwd 0 1591487167.0077012 0.0539250373840332
bwd 0 1591487167.0617118 0.07895040512084961
recvacts 0 1591487167.1409028 4.76837158203125e-07
fwd 0 1591487167.1409118 0.05405116081237793
bwd 0 1591487167.1950576 0.07905030250549316
SYNC! all_reduce 163109376 1591487167.2752078 0.00010585784912109375
overflow sync 1591487167.275396 0.0
SYNC! all-reduce time 0.5974814891815186

BATCH END 1591487162.997807 4.874074935913086

start time 1591534334.522627
recvacts 0 1591534334.522783 4.76837158203125e-07
fwd 0 1591534334.522805 0.39209651947021484
bwd 0 1591534334.915145 0.086181640625
recvacts 0 1591534335.0016205 7.152557373046875e-07
fwd 0 1591534335.001634 0.05727553367614746
bwd 0 1591534335.0589972 0.08144783973693848
recvacts 0 1591534335.140677 7.152557373046875e-07
fwd 0 1591534335.140687 0.054108381271362305
bwd 0 1591534335.194888 0.07934045791625977
recvacts 0 1591534335.274469 4.76837158203125e-07
fwd 0 1591534335.2744782 0.05399584770202637
bwd 0 1591534335.3285592 0.0793454647064209
recvacts 0 1591534335.4081311 4.76837158203125e-07
fwd 0 1591534335.4081402 0.05397200584411621
bwd 0 1591534335.462202 0.07915830612182617
recvacts 0 1591534335.5416071 4.76837158203125e-07
fwd 0 1591534335.5416176 0.05393195152282715
bwd 0 1591534335.5956419 0.07900142669677734
recvacts 0 1591534335.674874 4.76837158203125e-07
fwd 0 1591534335.6748836 0.05396127700805664
bwd 0 1591534335.7289433 0.0790717601776123
recvacts 0 1591534335.808332 4.76837158203125e-07
fwd 0 1591534335.8083448 0.0540623664855957
bwd 0 1591534335.8625064 0.07928776741027832
recvacts 0 1591534335.9421506 7.152557373046875e-07
fwd 0 1591534335.942163 0.054154396057128906
bwd 0 1591534335.996418 0.0790395736694336
recvacts 0 1591534336.0757065 7.152557373046875e-07
fwd 0 1591534336.0757174 0.0540921688079834
bwd 0 1591534336.1299293 0.07908844947814941
recvacts 0 1591534336.2092552 7.152557373046875e-07
fwd 0 1591534336.2092657 0.05398845672607422
bwd 0 1591534336.2634206 0.078887939453125
recvacts 0 1591534336.3425527 4.76837158203125e-07
fwd 0 1591534336.3425627 0.05406641960144043
bwd 0 1591534336.3967266 0.07900834083557129
recvacts 0 1591534336.47597 4.76837158203125e-07
fwd 0 1591534336.4759803 0.05407452583312988
bwd 0 1591534336.5301497 0.07890629768371582
recvacts 0 1591534336.6092925 4.76837158203125e-07
fwd 0 1591534336.6093025 0.05399584770202637
bwd 0 1591534336.6634166 0.07899641990661621
recvacts 0 1591534336.742658 7.152557373046875e-07
fwd 0 1591534336.742668 0.053963661193847656
bwd 0 1591534336.796727 0.07895231246948242
recvacts 0 1591534336.875911 7.152557373046875e-07
fwd 0 1591534336.8759212 0.05397629737854004
bwd 0 1591534336.9299934 0.0790262222290039
recvacts 0 1591534337.0092783 7.152557373046875e-07
fwd 0 1591534337.009289 0.0540623664855957
bwd 0 1591534337.0634499 0.07894754409790039
recvacts 0 1591534337.1426284 4.76837158203125e-07
fwd 0 1591534337.1426384 0.05412697792053223
bwd 0 1591534337.1968756 0.07920384407043457
recvacts 0 1591534337.2763848 7.152557373046875e-07
fwd 0 1591534337.2763968 0.054137468338012695
bwd 0 1591534337.3306315 0.07908940315246582
recvacts 0 1591534337.4099813 7.152557373046875e-07
fwd 0 1591534337.409993 0.054125070571899414
bwd 0 1591534337.4642162 0.07903766632080078
recvacts 0 1591534337.5434918 4.76837158203125e-07
fwd 0 1591534337.543502 0.054062843322753906
bwd 0 1591534337.5976648 0.07906150817871094
recvacts 0 1591534337.676983 7.152557373046875e-07
fwd 0 1591534337.6769938 0.05387520790100098
bwd 0 1591534337.7309563 0.07913041114807129
recvacts 0 1591534337.810457 9.5367431640625e-07
fwd 0 1591534337.8104703 0.05411410331726074
bwd 0 1591534337.864687 0.07922673225402832
recvacts 0 1591534337.9442108 4.76837158203125e-07
fwd 0 1591534337.944223 0.05418729782104492
bwd 0 1591534337.9985104 0.07906270027160645
recvacts 0 1591534338.0778146 7.152557373046875e-07
fwd 0 1591534338.0778255 0.05411577224731445
bwd 0 1591534338.1320522 0.07914400100708008
recvacts 0 1591534338.211464 7.152557373046875e-07
fwd 0 1591534338.2114754 0.05415940284729004
bwd 0 1591534338.265732 0.0790243148803711
recvacts 0 1591534338.3450084 4.76837158203125e-07
fwd 0 1591534338.3450198 0.05409526824951172
bwd 0 1591534338.399213 0.07904791831970215
recvacts 0 1591534338.478557 4.76837158203125e-07
fwd 0 1591534338.4785697 0.05408930778503418
bwd 0 1591534338.5327652 0.07935643196105957
recvacts 0 1591534338.6124024 7.152557373046875e-07
fwd 0 1591534338.612413 0.05409383773803711
bwd 0 1591534338.6666028 0.07903170585632324
recvacts 0 1591534338.745865 9.5367431640625e-07
fwd 0 1591534338.745885 0.05425572395324707
bwd 0 1591534338.8002656 0.07909440994262695
recvacts 0 1591534338.8796036 7.152557373046875e-07
fwd 0 1591534338.8796136 0.05406355857849121
bwd 0 1591534338.9337747 0.07901668548583984
recvacts 0 1591534339.0130453 7.152557373046875e-07
fwd 0 1591534339.013055 0.05391049385070801
bwd 0 1591534339.0670545 0.0791313648223877
SYNC! all_reduce 163109376 1591534339.147699 7.189419746398926
overflow sync 1591534346.3374 4.76837158203125e-07
SYNC! all-reduce time 7.986741304397583

BATCH END 1591534334.5227478 12.61042833328247

start time 1591534347.1507823
recvacts 0 1591534347.1508892 4.76837158203125e-07
fwd 0 1591534347.1508994 0.05441713333129883
bwd 0 1591534347.2054176 0.07921743392944336
recvacts 0 1591534347.2849047 7.152557373046875e-07
fwd 0 1591534347.2849152 0.05400347709655762
bwd 0 1591534347.3390129 0.07949566841125488
recvacts 0 1591534347.4187627 9.5367431640625e-07
fwd 0 1591534347.4187732 0.05391812324523926
bwd 0 1591534347.4727836 0.0791177749633789
recvacts 0 1591534347.5521662 4.76837158203125e-07
fwd 0 1591534347.5521767 0.05392575263977051
bwd 0 1591534347.606189 0.07895684242248535
recvacts 0 1591534347.6854339 7.152557373046875e-07
fwd 0 1591534347.6854439 0.05386161804199219
bwd 0 1591534347.7393892 0.07889485359191895
recvacts 0 1591534347.8185186 9.5367431640625e-07
fwd 0 1591534347.8185287 0.0539402961730957
bwd 0 1591534347.8725567 0.07902932167053223
recvacts 0 1591534347.9518592 4.76837158203125e-07
fwd 0 1591534347.9518695 0.053908586502075195
bwd 0 1591534348.0058699 0.07897591590881348
recvacts 0 1591534348.0850985 4.76837158203125e-07
fwd 0 1591534348.0851085 0.05388045310974121
bwd 0 1591534348.1390755 0.07884645462036133
recvacts 0 1591534348.2181537 4.76837158203125e-07
fwd 0 1591534348.2181635 0.0538637638092041
bwd 0 1591534348.2721128 0.0788724422454834
recvacts 0 1591534348.3512163 4.76837158203125e-07
fwd 0 1591534348.3512256 0.053827524185180664
bwd 0 1591534348.4051385 0.07887792587280273
recvacts 0 1591534348.4842613 9.5367431640625e-07
fwd 0 1591534348.4842708 0.0538022518157959
bwd 0 1591534348.5381591 0.07930874824523926
recvacts 0 1591534348.6176999 7.152557373046875e-07
fwd 0 1591534348.6177092 0.05398154258728027
bwd 0 1591534348.6717997 0.07900881767272949
recvacts 0 1591534348.7510448 7.152557373046875e-07
fwd 0 1591534348.7510538 0.05409860610961914
bwd 0 1591534348.8052487 0.07934236526489258
recvacts 0 1591534348.8848608 7.152557373046875e-07
fwd 0 1591534348.8848715 0.0540313720703125
bwd 0 1591534348.9389937 0.07987570762634277
recvacts 0 1591534349.0192275 7.152557373046875e-07
fwd 0 1591534349.0192394 0.05418682098388672
bwd 0 1591534349.073532 0.079345703125
recvacts 0 1591534349.1531773 4.76837158203125e-07
fwd 0 1591534349.1531897 0.054078102111816406
bwd 0 1591534349.2073781 0.07946038246154785
recvacts 0 1591534349.2871525 9.5367431640625e-07
fwd 0 1591534349.2871652 0.05401253700256348
bwd 0 1591534349.3412635 0.07925629615783691
recvacts 0 1591534349.4208996 9.5367431640625e-07
fwd 0 1591534349.4209118 0.05405378341674805
bwd 0 1591534349.475059 0.07937908172607422
recvacts 0 1591534349.55468 7.152557373046875e-07
fwd 0 1591534349.5546901 0.053946495056152344
bwd 0 1591534349.6087248 0.07905960083007812
recvacts 0 1591534349.6880386 4.76837158203125e-07
fwd 0 1591534349.6880488 0.05386757850646973
bwd 0 1591534349.7420816 0.07921290397644043
recvacts 0 1591534349.8216155 4.76837158203125e-07
fwd 0 1591534349.8216276 0.05402421951293945
bwd 0 1591534349.8757436 0.07907533645629883
recvacts 0 1591534349.9550884 7.152557373046875e-07
fwd 0 1591534349.9550989 0.05387258529663086
bwd 0 1591534350.0090594 0.07940959930419922
recvacts 0 1591534350.0887115 7.152557373046875e-07
fwd 0 1591534350.088722 0.0541377067565918
bwd 0 1591534350.1429453 0.07929778099060059
recvacts 0 1591534350.2224743 4.76837158203125e-07
fwd 0 1591534350.2224834 0.054231882095336914
bwd 0 1591534350.2768009 0.07905149459838867
recvacts 0 1591534350.3561256 9.5367431640625e-07
fwd 0 1591534350.3561351 0.05382966995239258
bwd 0 1591534350.4100506 0.07897067070007324
recvacts 0 1591534350.4893236 4.76837158203125e-07
fwd 0 1591534350.4893343 0.05397295951843262
bwd 0 1591534350.5434093 0.0791158676147461
recvacts 0 1591534350.6227765 4.76837158203125e-07
fwd 0 1591534350.622787 0.05388021469116211
bwd 0 1591534350.6767595 0.0799400806427002
recvacts 0 1591534350.7569406 7.152557373046875e-07
fwd 0 1591534350.75695 0.05420088768005371
bwd 0 1591534350.811236 0.07918620109558105
recvacts 0 1591534350.8906667 4.76837158203125e-07
fwd 0 1591534350.8906765 0.053974151611328125
bwd 0 1591534350.9447405 0.079193115234375
recvacts 0 1591534351.0242705 7.152557373046875e-07
fwd 0 1591534351.0242834 0.05408883094787598
bwd 0 1591534351.078466 0.08049392700195312
recvacts 0 1591534351.1592443 4.76837158203125e-07
fwd 0 1591534351.1592555 0.05414223670959473
bwd 0 1591534351.2134912 0.07950663566589355
recvacts 0 1591534351.2932565 4.76837158203125e-07
fwd 0 1591534351.293267 0.05400252342224121
bwd 0 1591534351.3473587 0.07914376258850098
SYNC! all_reduce 163109376 1591534351.4276469 0.0001125335693359375
overflow sync 1591534351.4278426 2.384185791015625e-07
SYNC! all-reduce time 0.7035231590270996

BATCH END 1591534347.1508596 4.979486703872681

start time 1591534352.1459517
recvacts 0 1591534352.146035 2.384185791015625e-07
fwd 0 1591534352.146045 0.054227590560913086
bwd 0 1591534352.2003918 0.07924747467041016
recvacts 0 1591534352.2799683 7.152557373046875e-07
fwd 0 1591534352.2799828 0.05409836769104004
bwd 0 1591534352.3341823 0.07902717590332031
recvacts 0 1591534352.4134471 4.76837158203125e-07
fwd 0 1591534352.4134572 0.053904056549072266
bwd 0 1591534352.467454 0.07907605171203613
recvacts 0 1591534352.5467625 4.76837158203125e-07
fwd 0 1591534352.5467894 0.05386972427368164
bwd 0 1591534352.6007457 0.07889389991760254
recvacts 0 1591534352.6799254 4.76837158203125e-07
fwd 0 1591534352.679935 0.05382037162780762
bwd 0 1591534352.7338526 0.07883024215698242
recvacts 0 1591534352.812951 4.76837158203125e-07
fwd 0 1591534352.81296 0.05383586883544922
bwd 0 1591534352.8668976 0.07942485809326172
recvacts 0 1591534352.9466941 7.152557373046875e-07
fwd 0 1591534352.9467065 0.05412721633911133
bwd 0 1591534353.0009313 0.0793299674987793
recvacts 0 1591534353.0805738 4.76837158203125e-07
fwd 0 1591534353.0805857 0.054061174392700195
bwd 0 1591534353.134741 0.07929134368896484
recvacts 0 1591534353.2143855 1.430511474609375e-06
fwd 0 1591534353.2143984 0.05406618118286133
bwd 0 1591534353.2685633 0.07919645309448242
recvacts 0 1591534353.3480017 4.76837158203125e-07
fwd 0 1591534353.3480122 0.05391120910644531
bwd 0 1591534353.4020112 0.07909059524536133
recvacts 0 1591534353.4815044 4.76837158203125e-07
fwd 0 1591534353.4815154 0.05381345748901367
bwd 0 1591534353.535414 0.07893586158752441
recvacts 0 1591534353.614585 4.76837158203125e-07
fwd 0 1591534353.6145952 0.05377006530761719
bwd 0 1591534353.668453 0.07893586158752441
recvacts 0 1591534353.7476182 7.152557373046875e-07
fwd 0 1591534353.7476273 0.053855180740356445
bwd 0 1591534353.8015678 0.07885503768920898
recvacts 0 1591534353.880655 4.76837158203125e-07
fwd 0 1591534353.880664 0.05383467674255371
bwd 0 1591534353.9345853 0.07896709442138672
recvacts 0 1591534354.013808 9.5367431640625e-07
fwd 0 1591534354.013818 0.05381965637207031
bwd 0 1591534354.0677373 0.07889890670776367
recvacts 0 1591534354.1469307 7.152557373046875e-07
fwd 0 1591534354.1469405 0.05389714241027832
bwd 0 1591534354.2009227 0.07976627349853516
recvacts 0 1591534354.2809207 7.152557373046875e-07
fwd 0 1591534354.2809298 0.05419278144836426
bwd 0 1591534354.335207 0.07924580574035645
recvacts 0 1591534354.4147408 4.76837158203125e-07
fwd 0 1591534354.4147508 0.053986549377441406
bwd 0 1591534354.4688263 0.07893943786621094
recvacts 0 1591534354.5480018 4.76837158203125e-07
fwd 0 1591534354.5480108 0.053827524185180664
bwd 0 1591534354.601926 0.0789191722869873
recvacts 0 1591534354.6811063 7.152557373046875e-07
fwd 0 1591534354.681116 0.05392098426818848
bwd 0 1591534354.735123 0.07919669151306152
recvacts 0 1591534354.814624 7.152557373046875e-07
fwd 0 1591534354.8146346 0.05395793914794922
bwd 0 1591534354.8686821 0.0792694091796875
recvacts 0 1591534354.948304 7.152557373046875e-07
fwd 0 1591534354.9483159 0.053990840911865234
bwd 0 1591534355.002401 0.07933545112609863
recvacts 0 1591534355.082122 9.5367431640625e-07
fwd 0 1591534355.0821345 0.05409955978393555
bwd 0 1591534355.136337 0.07915329933166504
recvacts 0 1591534355.2157652 7.152557373046875e-07
fwd 0 1591534355.2157784 0.05389547348022461
bwd 0 1591534355.2697783 0.07959723472595215
recvacts 0 1591534355.3496249 7.152557373046875e-07
fwd 0 1591534355.349635 0.05415821075439453
bwd 0 1591534355.4039016 0.07963085174560547
recvacts 0 1591534355.4837897 7.152557373046875e-07
fwd 0 1591534355.483799 0.053826332092285156
bwd 0 1591534355.5377285 0.07887721061706543
recvacts 0 1591534355.6168427 4.76837158203125e-07
fwd 0 1591534355.616852 0.053802490234375
bwd 0 1591534355.6707532 0.07888078689575195
recvacts 0 1591534355.7498822 7.152557373046875e-07
fwd 0 1591534355.7498918 0.0538177490234375
bwd 0 1591534355.8037958 0.07925128936767578
recvacts 0 1591534355.8833997 7.152557373046875e-07
fwd 0 1591534355.8834133 0.05421185493469238
bwd 0 1591534355.9377575 0.07925724983215332
recvacts 0 1591534356.0173137 9.5367431640625e-07
fwd 0 1591534356.0173287 0.05402016639709473
bwd 0 1591534356.0714455 0.0792844295501709
recvacts 0 1591534356.1510544 7.152557373046875e-07
fwd 0 1591534356.1510694 0.05394625663757324
bwd 0 1591534356.2051027 0.07895517349243164
recvacts 0 1591534356.2843065 4.76837158203125e-07
fwd 0 1591534356.284316 0.053803443908691406
bwd 0 1591534356.338207 0.08297181129455566
SYNC! all_reduce 163109376 1591534356.4221992 0.00010228157043457031
overflow sync 1591534356.4223819 2.384185791015625e-07
SYNC! all-reduce time 0.590491533279419

BATCH END 1591534352.146016 4.865959167480469

start time 1591591327.5656996
recvacts 0 1591591327.5658586 7.152557373046875e-07
fwd 0 1591591327.565873 0.36778688430786133
bwd 0 1591591327.9337928 0.08035516738891602
recvacts 0 1591591328.0143926 7.152557373046875e-07
fwd 0 1591591328.014406 0.05410933494567871
bwd 0 1591591328.0686188 0.07913804054260254
recvacts 0 1591591328.1479912 9.5367431640625e-07
fwd 0 1591591328.1480148 0.053896427154541016
bwd 0 1591591328.2019994 0.07900214195251465
recvacts 0 1591591328.2812397 4.76837158203125e-07
fwd 0 1591591328.2812498 0.053859710693359375
bwd 0 1591591328.335195 0.0792088508605957
recvacts 0 1591591328.4146771 7.152557373046875e-07
fwd 0 1591591328.414686 0.05403852462768555
bwd 0 1591591328.4688077 0.07895851135253906
recvacts 0 1591591328.5479982 4.76837158203125e-07
fwd 0 1591591328.5480077 0.05378246307373047
bwd 0 1591591328.6018753 0.07898926734924316
recvacts 0 1591591328.6811118 4.76837158203125e-07
fwd 0 1591591328.681121 0.05385565757751465
bwd 0 1591591328.7350605 0.07885956764221191
recvacts 0 1591591328.8141727 4.76837158203125e-07
fwd 0 1591591328.8141816 0.05379080772399902
bwd 0 1591591328.8680553 0.07883691787719727
recvacts 0 1591591328.94712 7.152557373046875e-07
fwd 0 1591591328.9471288 0.05382966995239258
bwd 0 1591591329.0010448 0.07897186279296875
recvacts 0 1591591329.0802653 4.76837158203125e-07
fwd 0 1591591329.0802746 0.053804874420166016
bwd 0 1591591329.1341655 0.07889652252197266
recvacts 0 1591591329.2133064 4.76837158203125e-07
fwd 0 1591591329.213315 0.053728342056274414
bwd 0 1591591329.2671273 0.07886123657226562
recvacts 0 1591591329.3462193 4.76837158203125e-07
fwd 0 1591591329.3462281 0.06122469902038574
bwd 0 1591591329.4075403 0.07897830009460449
recvacts 0 1591591329.4867558 4.76837158203125e-07
fwd 0 1591591329.486765 0.05381369590759277
bwd 0 1591591329.5406723 0.07961153984069824
recvacts 0 1591591329.6205418 7.152557373046875e-07
fwd 0 1591591329.6205904 0.05407381057739258
bwd 0 1591591329.674747 0.07898998260498047
recvacts 0 1591591329.753971 7.152557373046875e-07
fwd 0 1591591329.7539797 0.05385637283325195
bwd 0 1591591329.8079207 0.07887864112854004
recvacts 0 1591591329.88707 4.76837158203125e-07
fwd 0 1591591329.887079 0.05385851860046387
bwd 0 1591591329.9410233 0.07882142066955566
recvacts 0 1591591330.0201066 4.76837158203125e-07
fwd 0 1591591330.0201154 0.05385136604309082
bwd 0 1591591330.07405 0.07887625694274902
recvacts 0 1591591330.1531584 4.76837158203125e-07
fwd 0 1591591330.1531672 0.0538332462310791
bwd 0 1591591330.2070832 0.07900524139404297
recvacts 0 1591591330.2863228 7.152557373046875e-07
fwd 0 1591591330.2863317 0.0539703369140625
bwd 0 1591591330.340433 0.07911348342895508
recvacts 0 1591591330.419896 7.152557373046875e-07
fwd 0 1591591330.41991 0.05395174026489258
bwd 0 1591591330.473953 0.07917571067810059
recvacts 0 1591591330.5533955 7.152557373046875e-07
fwd 0 1591591330.5534058 0.054012298583984375
bwd 0 1591591330.6075144 0.07953047752380371
recvacts 0 1591591330.6873841 4.76837158203125e-07
fwd 0 1591591330.6873965 0.05413508415222168
bwd 0 1591591330.7416248 0.07915401458740234
recvacts 0 1591591330.821068 7.152557373046875e-07
fwd 0 1591591330.8210788 0.053884267807006836
bwd 0 1591591330.87505 0.07896709442138672
recvacts 0 1591591330.9542527 9.5367431640625e-07
fwd 0 1591591330.9542623 0.05388784408569336
bwd 0 1591591331.0082319 0.07895374298095703
recvacts 0 1591591331.0874636 7.152557373046875e-07
fwd 0 1591591331.087473 0.05382800102233887
bwd 0 1591591331.141384 0.07884860038757324
recvacts 0 1591591331.220474 7.152557373046875e-07
fwd 0 1591591331.2204826 0.05385732650756836
bwd 0 1591591331.2744217 0.07886815071105957
recvacts 0 1591591331.3535342 7.152557373046875e-07
fwd 0 1591591331.3535433 0.053723812103271484
bwd 0 1591591331.4073503 0.07877993583679199
recvacts 0 1591591331.4863644 2.384185791015625e-07
fwd 0 1591591331.4863734 0.05415034294128418
bwd 0 1591591331.540611 0.07886338233947754
recvacts 0 1591591331.6197076 4.76837158203125e-07
fwd 0 1591591331.619717 0.05392336845397949
bwd 0 1591591331.6737285 0.07892966270446777
recvacts 0 1591591331.7528949 7.152557373046875e-07
fwd 0 1591591331.752906 0.0538632869720459
bwd 0 1591591331.806853 0.07891106605529785
recvacts 0 1591591331.8860316 7.152557373046875e-07
fwd 0 1591591331.8860407 0.05381059646606445
bwd 0 1591591331.9400146 0.07919669151306152
recvacts 0 1591591332.0194438 4.76837158203125e-07
fwd 0 1591591332.0194526 0.05400967597961426
bwd 0 1591591332.073556 0.07894706726074219
SYNC! all_reduce 163109376 1591591332.1535292 0.6740157604217529
overflow sync 1591591332.8277044 4.76837158203125e-07
SYNC! all-reduce time 1.545875072479248

BATCH END 1591591327.5658183 6.132795333862305

start time 1591591333.7145007
recvacts 0 1591591333.7145827 4.76837158203125e-07
fwd 0 1591591333.7145922 0.05420565605163574
bwd 0 1591591333.7688892 0.07904601097106934
recvacts 0 1591591333.8481681 4.76837158203125e-07
fwd 0 1591591333.848178 0.0538480281829834
bwd 0 1591591333.902111 0.07901120185852051
recvacts 0 1591591333.9813569 2.384185791015625e-07
fwd 0 1591591333.9813654 0.05389404296875
bwd 0 1591591334.0353413 0.07899260520935059
recvacts 0 1591591334.1145904 7.152557373046875e-07
fwd 0 1591591334.1146 0.05386972427368164
bwd 0 1591591334.168552 0.07886123657226562
recvacts 0 1591591334.247683 4.76837158203125e-07
fwd 0 1591591334.2476919 0.053896427154541016
bwd 0 1591591334.301671 0.07879042625427246
recvacts 0 1591591334.3806944 4.76837158203125e-07
fwd 0 1591591334.3807034 0.05387377738952637
bwd 0 1591591334.4346604 0.07887959480285645
recvacts 0 1591591334.513775 7.152557373046875e-07
fwd 0 1591591334.5137842 0.053791046142578125
bwd 0 1591591334.5676615 0.0789482593536377
recvacts 0 1591591334.646844 4.76837158203125e-07
fwd 0 1591591334.646853 0.05382037162780762
bwd 0 1591591334.7007563 0.07883715629577637
recvacts 0 1591591334.7798257 4.76837158203125e-07
fwd 0 1591591334.7798352 0.05390667915344238
bwd 0 1591591334.8338308 0.07886195182800293
recvacts 0 1591591334.9129257 7.152557373046875e-07
fwd 0 1591591334.9129343 0.05377078056335449
bwd 0 1591591334.966788 0.07932233810424805
recvacts 0 1591591335.046349 4.76837158203125e-07
fwd 0 1591591335.046358 0.05399513244628906
bwd 0 1591591335.100451 0.0793001651763916
recvacts 0 1591591335.180086 9.5367431640625e-07
fwd 0 1591591335.1800985 0.05423736572265625
bwd 0 1591591335.2344363 0.07934927940368652
recvacts 0 1591591335.3140397 9.5367431640625e-07
fwd 0 1591591335.3140502 0.053876638412475586
bwd 0 1591591335.3680112 0.07896256446838379
recvacts 0 1591591335.4472103 7.152557373046875e-07
fwd 0 1591591335.4472187 0.05381035804748535
bwd 0 1591591335.5011106 0.07892608642578125
recvacts 0 1591591335.58029 7.152557373046875e-07
fwd 0 1591591335.580299 0.053789615631103516
bwd 0 1591591335.6341708 0.07895231246948242
recvacts 0 1591591335.7134426 7.152557373046875e-07
fwd 0 1591591335.7134523 0.053832292556762695
bwd 0 1591591335.7673805 0.07900547981262207
recvacts 0 1591591335.846633 7.152557373046875e-07
fwd 0 1591591335.8466425 0.053899288177490234
bwd 0 1591591335.9006433 0.07919788360595703
recvacts 0 1591591335.9800932 7.152557373046875e-07
fwd 0 1591591335.980104 0.05390024185180664
bwd 0 1591591336.0340886 0.07948589324951172
recvacts 0 1591591336.1138499 7.152557373046875e-07
fwd 0 1591591336.1138632 0.05418872833251953
bwd 0 1591591336.168145 0.07986187934875488
recvacts 0 1591591336.2483532 7.152557373046875e-07
fwd 0 1591591336.2483652 0.05416393280029297
bwd 0 1591591336.3026147 0.07903170585632324
recvacts 0 1591591336.3818822 7.152557373046875e-07
fwd 0 1591591336.381891 0.05384349822998047
bwd 0 1591591336.435817 0.07891511917114258
recvacts 0 1591591336.514962 7.152557373046875e-07
fwd 0 1591591336.51497 0.05710315704345703
bwd 0 1591591336.5721714 0.07999563217163086
recvacts 0 1591591336.6524665 4.76837158203125e-07
fwd 0 1591591336.652476 0.053896427154541016
bwd 0 1591591336.7064564 0.08073878288269043
recvacts 0 1591591336.7874343 7.152557373046875e-07
fwd 0 1591591336.787443 0.05388522148132324
bwd 0 1591591336.8414106 0.07886838912963867
recvacts 0 1591591336.9205246 7.152557373046875e-07
fwd 0 1591591336.9205332 0.05382990837097168
bwd 0 1591591336.9744468 0.07886314392089844
recvacts 0 1591591337.0535989 7.152557373046875e-07
fwd 0 1591591337.0536077 0.05386710166931152
bwd 0 1591591337.1075578 0.07893776893615723
recvacts 0 1591591337.1867712 4.76837158203125e-07
fwd 0 1591591337.18678 0.05373024940490723
bwd 0 1591591337.2405944 0.07884478569030762
recvacts 0 1591591337.3196692 4.76837158203125e-07
fwd 0 1591591337.319678 0.053896427154541016
bwd 0 1591591337.373657 0.07887864112854004
recvacts 0 1591591337.4527678 4.76837158203125e-07
fwd 0 1591591337.4527767 0.05385756492614746
bwd 0 1591591337.5067165 0.07885861396789551
recvacts 0 1591591337.5858111 4.76837158203125e-07
fwd 0 1591591337.5858219 0.054940223693847656
bwd 0 1591591337.6408496 0.07901740074157715
recvacts 0 1591591337.7201054 7.152557373046875e-07
fwd 0 1591591337.7201147 0.0538787841796875
bwd 0 1591591337.7740765 0.07886075973510742
recvacts 0 1591591337.853169 4.76837158203125e-07
fwd 0 1591591337.8531773 0.05374932289123535
bwd 0 1591591337.9070096 0.07889723777770996
SYNC! all_reduce 163109376 1591591337.9869072 0.00010180473327636719
overflow sync 1591591337.9870908 0.0
SYNC! all-reduce time 0.6480040550231934

BATCH END 1591591333.7145636 4.9196319580078125

start time 1591591338.6493769
recvacts 0 1591591338.6494586 4.76837158203125e-07
fwd 0 1591591338.6494696 0.054052114486694336
bwd 0 1591591338.70361 0.07878971099853516
recvacts 0 1591591338.7826796 4.76837158203125e-07
fwd 0 1591591338.7826896 0.05379939079284668
bwd 0 1591591338.8365734 0.07881689071655273
recvacts 0 1591591338.9156232 4.76837158203125e-07
fwd 0 1591591338.915632 0.05384349822998047
bwd 0 1591591338.9695604 0.07886457443237305
recvacts 0 1591591339.0486643 4.76837158203125e-07
fwd 0 1591591339.0486734 0.0539088249206543
bwd 0 1591591339.1026654 0.07886314392089844
recvacts 0 1591591339.181763 7.152557373046875e-07
fwd 0 1591591339.1817718 0.05378365516662598
bwd 0 1591591339.2356377 0.07882213592529297
recvacts 0 1591591339.3146932 4.76837158203125e-07
fwd 0 1591591339.3147023 0.053803443908691406
bwd 0 1591591339.3685899 0.0788874626159668
recvacts 0 1591591339.4477124 7.152557373046875e-07
fwd 0 1591591339.4477215 0.05387234687805176
bwd 0 1591591339.5016763 0.07887148857116699
recvacts 0 1591591339.5807836 7.152557373046875e-07
fwd 0 1591591339.580792 0.0538332462310791
bwd 0 1591591339.63471 0.07888293266296387
recvacts 0 1591591339.7138681 4.76837158203125e-07
fwd 0 1591591339.7138772 0.05386471748352051
bwd 0 1591591339.767831 0.07995820045471191
recvacts 0 1591591339.8480709 4.76837158203125e-07
fwd 0 1591591339.8480816 0.05433392524719238
bwd 0 1591591339.902507 0.0791480541229248
recvacts 0 1591591339.981896 7.152557373046875e-07
fwd 0 1591591339.9819057 0.05390572547912598
bwd 0 1591591340.0359032 0.0789175033569336
recvacts 0 1591591340.115058 7.152557373046875e-07
fwd 0 1591591340.1150668 0.053810834884643555
bwd 0 1591591340.1689637 0.07890892028808594
recvacts 0 1591591340.2481136 7.152557373046875e-07
fwd 0 1591591340.2481232 0.05379462242126465
bwd 0 1591591340.3020015 0.07888150215148926
recvacts 0 1591591340.3811226 7.152557373046875e-07
fwd 0 1591591340.3811321 0.05375957489013672
bwd 0 1591591340.4349804 0.08003520965576172
recvacts 0 1591591340.5152636 7.152557373046875e-07
fwd 0 1591591340.5152736 0.05423331260681152
bwd 0 1591591340.5695903 0.07927107810974121
recvacts 0 1591591340.6491437 9.5367431640625e-07
fwd 0 1591591340.6491537 0.05386614799499512
bwd 0 1591591340.7031054 0.0790107250213623
recvacts 0 1591591340.7823973 4.76837158203125e-07
fwd 0 1591591340.7824078 0.0537412166595459
bwd 0 1591591340.836254 0.07891678810119629
recvacts 0 1591591340.9154844 4.76837158203125e-07
fwd 0 1591591340.9154952 0.05391383171081543
bwd 0 1591591340.9695027 0.07907557487487793
recvacts 0 1591591341.0488284 7.152557373046875e-07
fwd 0 1591591341.0488389 0.05385756492614746
bwd 0 1591591341.1027813 0.07892775535583496
recvacts 0 1591591341.1819541 7.152557373046875e-07
fwd 0 1591591341.181964 0.053869009017944336
bwd 0 1591591341.2359169 0.07893157005310059
recvacts 0 1591591341.3150842 9.5367431640625e-07
fwd 0 1591591341.3150938 0.05384969711303711
bwd 0 1591591341.369027 0.07893514633178711
recvacts 0 1591591341.4482238 4.76837158203125e-07
fwd 0 1591591341.4482338 0.053844451904296875
bwd 0 1591591341.5021641 0.07890725135803223
recvacts 0 1591591341.5813205 7.152557373046875e-07
fwd 0 1591591341.5813298 0.053819894790649414
bwd 0 1591591341.6352477 0.07888197898864746
recvacts 0 1591591341.7143638 7.152557373046875e-07
fwd 0 1591591341.7143724 0.05385470390319824
bwd 0 1591591341.7683182 0.07979464530944824
recvacts 0 1591591341.8483617 7.152557373046875e-07
fwd 0 1591591341.848371 0.05416464805603027
bwd 0 1591591341.9026182 0.0791175365447998
recvacts 0 1591591341.981969 4.76837158203125e-07
fwd 0 1591591341.981978 0.053867340087890625
bwd 0 1591591342.035936 0.07894134521484375
recvacts 0 1591591342.115115 4.76837158203125e-07
fwd 0 1591591342.115124 0.05388689041137695
bwd 0 1591591342.169096 0.07891392707824707
recvacts 0 1591591342.248257 7.152557373046875e-07
fwd 0 1591591342.2482662 0.05384945869445801
bwd 0 1591591342.3021965 0.07888364791870117
recvacts 0 1591591342.3813126 4.76837158203125e-07
fwd 0 1591591342.3813214 0.053859710693359375
bwd 0 1591591342.4352722 0.07946038246154785
recvacts 0 1591591342.5150054 7.152557373046875e-07
fwd 0 1591591342.5150173 0.054110050201416016
bwd 0 1591591342.569239 0.0793907642364502
recvacts 0 1591591342.6489003 9.5367431640625e-07
fwd 0 1591591342.64891 0.05390739440917969
bwd 0 1591591342.7029037 0.07895994186401367
recvacts 0 1591591342.7821414 7.152557373046875e-07
fwd 0 1591591342.782151 0.053784847259521484
bwd 0 1591591342.8360178 0.07887792587280273
SYNC! all_reduce 163109376 1591591342.9158623 0.00011277198791503906
overflow sync 1591591342.9160569 0.0
SYNC! all-reduce time 0.6198792457580566

BATCH END 1591591338.6494405 4.88558030128479

start time 1591642151.9299572
recvacts 0 1591642151.93014 4.76837158203125e-07
fwd 0 1591642151.9301615 0.3483288288116455
bwd 0 1591642152.2786734 0.0856924057006836
recvacts 0 1591642152.3647192 9.5367431640625e-07
fwd 0 1591642152.3647318 0.0545346736907959
bwd 0 1591642152.419371 0.08036422729492188
recvacts 0 1591642152.5001366 1.430511474609375e-06
fwd 0 1591642152.5001504 0.05462908744812012
bwd 0 1591642152.5548987 0.08012056350708008
recvacts 0 1591642152.6354008 1.1920928955078125e-06
fwd 0 1591642152.635413 0.054579734802246094
bwd 0 1591642152.6901186 0.0796196460723877
recvacts 0 1591642152.770063 9.5367431640625e-07
fwd 0 1591642152.7700758 0.05412602424621582
bwd 0 1591642152.8243048 0.07930397987365723
recvacts 0 1591642152.9038494 9.5367431640625e-07
fwd 0 1591642152.9038613 0.05392575263977051
bwd 0 1591642152.9578705 0.07883381843566895
recvacts 0 1591642153.0369725 7.152557373046875e-07
fwd 0 1591642153.0369823 0.0538334846496582
bwd 0 1591642153.0908976 0.07886648178100586
recvacts 0 1591642153.1700113 7.152557373046875e-07
fwd 0 1591642153.1700344 0.05381035804748535
bwd 0 1591642153.223926 0.07882547378540039
recvacts 0 1591642153.3029792 7.152557373046875e-07
fwd 0 1591642153.3029885 0.053833961486816406
bwd 0 1591642153.3569038 0.07881522178649902
recvacts 0 1591642153.4359498 7.152557373046875e-07
fwd 0 1591642153.4359593 0.05383014678955078
bwd 0 1591642153.489871 0.07880854606628418
recvacts 0 1591642153.5689104 7.152557373046875e-07
fwd 0 1591642153.5689197 0.05382037162780762
bwd 0 1591642153.6228218 0.07877469062805176
recvacts 0 1591642153.7018263 7.152557373046875e-07
fwd 0 1591642153.7018352 0.05380415916442871
bwd 0 1591642153.7557223 0.07977581024169922
recvacts 0 1591642153.8357828 7.152557373046875e-07
fwd 0 1591642153.8357942 0.054239511489868164
bwd 0 1591642153.890121 0.07904791831970215
recvacts 0 1591642153.969408 7.152557373046875e-07
fwd 0 1591642153.969418 0.053879737854003906
bwd 0 1591642154.0233772 0.07877802848815918
recvacts 0 1591642154.1023836 7.152557373046875e-07
fwd 0 1591642154.102393 0.05386614799499512
bwd 0 1591642154.1563468 0.07890963554382324
recvacts 0 1591642154.2354949 7.152557373046875e-07
fwd 0 1591642154.2355046 0.05394935607910156
bwd 0 1591642154.289535 0.07886362075805664
recvacts 0 1591642154.368636 7.152557373046875e-07
fwd 0 1591642154.3686457 0.0537416934967041
bwd 0 1591642154.422467 0.08060097694396973
recvacts 0 1591642154.505313 1.811981201171875e-05
fwd 0 1591642154.505379 0.05456233024597168
bwd 0 1591642154.5600407 0.07880091667175293
recvacts 0 1591642154.6390808 4.76837158203125e-07
fwd 0 1591642154.63909 0.05370688438415527
bwd 0 1591642154.6928844 0.07981538772583008
recvacts 0 1591642154.772992 7.152557373046875e-07
fwd 0 1591642154.7730024 0.054302215576171875
bwd 0 1591642154.8273885 0.07953882217407227
recvacts 0 1591642154.9072766 1.1920928955078125e-06
fwd 0 1591642154.9072888 0.05416750907897949
bwd 0 1591642154.9615624 0.07926821708679199
recvacts 0 1591642155.0411515 7.152557373046875e-07
fwd 0 1591642155.0411627 0.05397367477416992
bwd 0 1591642155.0952406 0.07898092269897461
recvacts 0 1591642155.1744652 7.152557373046875e-07
fwd 0 1591642155.1744761 0.05386495590209961
bwd 0 1591642155.228431 0.07880020141601562
recvacts 0 1591642155.307506 7.152557373046875e-07
fwd 0 1591642155.3075154 0.053836822509765625
bwd 0 1591642155.3614328 0.0787804126739502
recvacts 0 1591642155.440494 4.76837158203125e-07
fwd 0 1591642155.4405038 0.053793907165527344
bwd 0 1591642155.4943783 0.07884716987609863
recvacts 0 1591642155.5734546 4.76837158203125e-07
fwd 0 1591642155.573464 0.05421566963195801
bwd 0 1591642155.6277597 0.07925820350646973
recvacts 0 1591642155.70725 4.76837158203125e-07
fwd 0 1591642155.7072594 0.054071664810180664
bwd 0 1591642155.7614121 0.07920408248901367
recvacts 0 1591642155.8408446 4.76837158203125e-07
fwd 0 1591642155.840854 0.054016828536987305
bwd 0 1591642155.894964 0.0788877010345459
recvacts 0 1591642155.9740798 4.76837158203125e-07
fwd 0 1591642155.974089 0.05379819869995117
bwd 0 1591642156.0279794 0.07896161079406738
recvacts 0 1591642156.1072364 7.152557373046875e-07
fwd 0 1591642156.1072485 0.05406045913696289
bwd 0 1591642156.161398 0.07882905006408691
recvacts 0 1591642156.2404695 7.152557373046875e-07
fwd 0 1591642156.240479 0.05388951301574707
bwd 0 1591642156.2944493 0.07877039909362793
recvacts 0 1591642156.3734515 4.76837158203125e-07
fwd 0 1591642156.3734608 0.053858280181884766
bwd 0 1591642156.427399 0.07888364791870117
SYNC! all_reduce 163109376 1591642156.507252 1.3845674991607666
overflow sync 1591642157.8920963 2.384185791015625e-07
SYNC! all-reduce time 2.151041030883789

BATCH END 1591642151.9301093 6.727489471435547

start time 1591642158.6750436
recvacts 0 1591642158.6751478 4.76837158203125e-07
fwd 0 1591642158.6751578 0.05517315864562988
bwd 0 1591642158.7304347 0.07907390594482422
recvacts 0 1591642158.8097956 9.5367431640625e-07
fwd 0 1591642158.8098078 0.05399656295776367
bwd 0 1591642158.8639069 0.07940244674682617
recvacts 0 1591642158.943666 9.5367431640625e-07
fwd 0 1591642158.9436786 0.05415844917297363
bwd 0 1591642158.997934 0.07903218269348145
recvacts 0 1591642159.0772243 4.76837158203125e-07
fwd 0 1591642159.077235 0.05394387245178223
bwd 0 1591642159.1312706 0.07919049263000488
recvacts 0 1591642159.210772 9.5367431640625e-07
fwd 0 1591642159.210784 0.053863525390625
bwd 0 1591642159.2647307 0.07888555526733398
recvacts 0 1591642159.343874 9.5367431640625e-07
fwd 0 1591642159.3438847 0.053849220275878906
bwd 0 1591642159.3978415 0.07905101776123047
recvacts 0 1591642159.477182 7.152557373046875e-07
fwd 0 1591642159.4771929 0.05392122268676758
bwd 0 1591642159.5311992 0.08002567291259766
recvacts 0 1591642159.6115007 7.152557373046875e-07
fwd 0 1591642159.6115112 0.054598093032836914
bwd 0 1591642159.6662006 0.07962417602539062
recvacts 0 1591642159.7460647 4.76837158203125e-07
fwd 0 1591642159.7460752 0.05415201187133789
bwd 0 1591642159.8003387 0.07915520668029785
recvacts 0 1591642159.8797405 7.152557373046875e-07
fwd 0 1591642159.8797503 0.05398988723754883
bwd 0 1591642159.9338667 0.0790412425994873
recvacts 0 1591642160.013174 7.152557373046875e-07
fwd 0 1591642160.0131853 0.053994178771972656
bwd 0 1591642160.0672681 0.07884359359741211
recvacts 0 1591642160.1464076 4.76837158203125e-07
fwd 0 1591642160.146418 0.05389547348022461
bwd 0 1591642160.2003994 0.07882952690124512
recvacts 0 1591642160.2794673 7.152557373046875e-07
fwd 0 1591642160.2794764 0.053998470306396484
bwd 0 1591642160.3335717 0.07932233810424805
recvacts 0 1591642160.413239 7.152557373046875e-07
fwd 0 1591642160.413249 0.054189205169677734
bwd 0 1591642160.4675224 0.07926440238952637
recvacts 0 1591642160.547044 7.152557373046875e-07
fwd 0 1591642160.5470536 0.0550382137298584
bwd 0 1591642160.6021886 0.0789785385131836
recvacts 0 1591642160.681455 7.152557373046875e-07
fwd 0 1591642160.6814651 0.05390119552612305
bwd 0 1591642160.735447 0.07887125015258789
recvacts 0 1591642160.8146017 4.76837158203125e-07
fwd 0 1591642160.8146114 0.053856611251831055
bwd 0 1591642160.8685486 0.07880401611328125
recvacts 0 1591642160.9475853 7.152557373046875e-07
fwd 0 1591642160.9475944 0.0538482666015625
bwd 0 1591642161.0015259 0.07887935638427734
recvacts 0 1591642161.0806541 7.152557373046875e-07
fwd 0 1591642161.0806632 0.053890228271484375
bwd 0 1591642161.1346655 0.0799252986907959
recvacts 0 1591642161.214842 4.76837158203125e-07
fwd 0 1591642161.2148523 0.054250240325927734
bwd 0 1591642161.269208 0.0793924331665039
recvacts 0 1591642161.348871 4.76837158203125e-07
fwd 0 1591642161.3488805 0.05414891242980957
bwd 0 1591642161.4031115 0.07940101623535156
recvacts 0 1591642161.4827776 7.152557373046875e-07
fwd 0 1591642161.4827878 0.05393195152282715
bwd 0 1591642161.5368514 0.07898521423339844
recvacts 0 1591642161.6160874 9.5367431640625e-07
fwd 0 1591642161.6160972 0.05385613441467285
bwd 0 1591642161.6700459 0.07893848419189453
recvacts 0 1591642161.749245 9.5367431640625e-07
fwd 0 1591642161.7492554 0.05387592315673828
bwd 0 1591642161.8032126 0.07885360717773438
recvacts 0 1591642161.8823457 4.76837158203125e-07
fwd 0 1591642161.8823555 0.05383896827697754
bwd 0 1591642161.9362974 0.07901239395141602
recvacts 0 1591642162.015553 4.76837158203125e-07
fwd 0 1591642162.0155635 0.0537874698638916
bwd 0 1591642162.0694325 0.07907390594482422
recvacts 0 1591642162.1487784 4.76837158203125e-07
fwd 0 1591642162.1488025 0.05383944511413574
bwd 0 1591642162.2027438 0.0789334774017334
recvacts 0 1591642162.2819355 4.76837158203125e-07
fwd 0 1591642162.2819457 0.05375218391418457
bwd 0 1591642162.3357952 0.07967305183410645
recvacts 0 1591642162.4157064 4.76837158203125e-07
fwd 0 1591642162.4157157 0.054094791412353516
bwd 0 1591642162.4699013 0.07952499389648438
recvacts 0 1591642162.5497453 9.5367431640625e-07
fwd 0 1591642162.549765 0.05413484573364258
bwd 0 1591642162.6039863 0.07927465438842773
recvacts 0 1591642162.6836596 7.152557373046875e-07
fwd 0 1591642162.6836724 0.05408167839050293
bwd 0 1591642162.7378387 0.07918524742126465
recvacts 0 1591642162.8173816 7.152557373046875e-07
fwd 0 1591642162.8173928 0.05401110649108887
bwd 0 1591642162.8714957 0.07918405532836914
SYNC! all_reduce 163109376 1591642162.9518151 0.0001361370086669922
overflow sync 1591642162.9520347 0.0
SYNC! all-reduce time 0.6003291606903076

BATCH END 1591642158.675118 4.876248598098755

start time 1591642163.566635
recvacts 0 1591642163.5667408 4.76837158203125e-07
fwd 0 1591642163.5667515 0.05404257774353027
bwd 0 1591642163.620884 0.07877659797668457
recvacts 0 1591642163.6999412 9.5367431640625e-07
fwd 0 1591642163.699953 0.05388617515563965
bwd 0 1591642163.7539234 0.07884693145751953
recvacts 0 1591642163.833003 7.152557373046875e-07
fwd 0 1591642163.8330123 0.053885459899902344
bwd 0 1591642163.8869877 0.07892251014709473
recvacts 0 1591642163.9661512 4.76837158203125e-07
fwd 0 1591642163.966161 0.053882598876953125
bwd 0 1591642164.0201254 0.07902693748474121
recvacts 0 1591642164.099439 4.76837158203125e-07
fwd 0 1591642164.0994487 0.053961992263793945
bwd 0 1591642164.1534941 0.07889676094055176
recvacts 0 1591642164.2326374 7.152557373046875e-07
fwd 0 1591642164.2326477 0.05494570732116699
bwd 0 1591642164.2876883 0.07898879051208496
recvacts 0 1591642164.3669374 7.152557373046875e-07
fwd 0 1591642164.3669474 0.05398249626159668
bwd 0 1591642164.4210186 0.07893991470336914
recvacts 0 1591642164.5002599 7.152557373046875e-07
fwd 0 1591642164.5002704 0.054044485092163086
bwd 0 1591642164.5544024 0.07987213134765625
recvacts 0 1591642164.6345294 9.5367431640625e-07
fwd 0 1591642164.63454 0.05389666557312012
bwd 0 1591642164.6885214 0.0788869857788086
recvacts 0 1591642164.7676792 4.76837158203125e-07
fwd 0 1591642164.767689 0.05380606651306152
bwd 0 1591642164.8215775 0.07884621620178223
recvacts 0 1591642164.9006803 4.76837158203125e-07
fwd 0 1591642164.9006898 0.053752899169921875
bwd 0 1591642164.9545255 0.07883667945861816
recvacts 0 1591642165.033663 4.76837158203125e-07
fwd 0 1591642165.033673 0.0538630485534668
bwd 0 1591642165.0876188 0.07895874977111816
recvacts 0 1591642165.166917 4.76837158203125e-07
fwd 0 1591642165.1669283 0.05417346954345703
bwd 0 1591642165.2211847 0.07894229888916016
recvacts 0 1591642165.3004067 9.5367431640625e-07
fwd 0 1591642165.300418 0.053876638412475586
bwd 0 1591642165.3543775 0.07890462875366211
recvacts 0 1591642165.4335172 7.152557373046875e-07
fwd 0 1591642165.433526 0.053856849670410156
bwd 0 1591642165.4874704 0.07897090911865234
recvacts 0 1591642165.5667043 7.152557373046875e-07
fwd 0 1591642165.5667145 0.053841590881347656
bwd 0 1591642165.620669 0.0798804759979248
recvacts 0 1591642165.7008162 7.152557373046875e-07
fwd 0 1591642165.7008264 0.05414581298828125
bwd 0 1591642165.7550557 0.07916092872619629
recvacts 0 1591642165.8344576 4.76837158203125e-07
fwd 0 1591642165.8344674 0.05389738082885742
bwd 0 1591642165.888448 0.07891464233398438
recvacts 0 1591642165.9676025 4.76837158203125e-07
fwd 0 1591642165.9676402 0.05385708808898926
bwd 0 1591642166.0215807 0.07982587814331055
recvacts 0 1591642166.101745 7.152557373046875e-07
fwd 0 1591642166.1017559 0.05409049987792969
bwd 0 1591642166.155929 0.07953786849975586
recvacts 0 1591642166.2357624 4.76837158203125e-07
fwd 0 1591642166.2357721 0.054138898849487305
bwd 0 1591642166.2899952 0.07893252372741699
recvacts 0 1591642166.3691611 7.152557373046875e-07
fwd 0 1591642166.3691704 0.05394411087036133
bwd 0 1591642166.423208 0.07955646514892578
recvacts 0 1591642166.5030127 7.152557373046875e-07
fwd 0 1591642166.5030227 0.05411362648010254
bwd 0 1591642166.5572193 0.07923173904418945
recvacts 0 1591642166.6367302 4.76837158203125e-07
fwd 0 1591642166.6367395 0.05388927459716797
bwd 0 1591642166.690715 0.07892990112304688
recvacts 0 1591642166.7698944 7.152557373046875e-07
fwd 0 1591642166.7699049 0.05388903617858887
bwd 0 1591642166.8238766 0.07989978790283203
recvacts 0 1591642166.9040208 4.76837158203125e-07
fwd 0 1591642166.9040303 0.054141998291015625
bwd 0 1591642166.9582548 0.07935070991516113
recvacts 0 1591642167.0378492 4.76837158203125e-07
fwd 0 1591642167.0378585 0.05413413047790527
bwd 0 1591642167.0920768 0.07984566688537598
recvacts 0 1591642167.1721907 4.76837158203125e-07
fwd 0 1591642167.172201 0.054181814193725586
bwd 0 1591642167.226467 0.07906484603881836
recvacts 0 1591642167.305772 4.76837158203125e-07
fwd 0 1591642167.3057814 0.05382728576660156
bwd 0 1591642167.3596907 0.0788581371307373
recvacts 0 1591642167.438812 4.76837158203125e-07
fwd 0 1591642167.4388354 0.05381202697753906
bwd 0 1591642167.492731 0.07889676094055176
recvacts 0 1591642167.5718687 4.76837158203125e-07
fwd 0 1591642167.5718787 0.0539548397064209
bwd 0 1591642167.6259153 0.07983136177062988
recvacts 0 1591642167.7060132 7.152557373046875e-07
fwd 0 1591642167.706023 0.054147958755493164
bwd 0 1591642167.7602673 0.07921910285949707
SYNC! all_reduce 163109376 1591642167.840547 0.00017309188842773438
overflow sync 1591642167.8407993 2.384185791015625e-07
SYNC! all-reduce time 0.643913745880127

BATCH END 1591642163.5667212 4.916996002197266

